// 文档 https://github.com/hooke007/mpv_PlayKit/wiki/4_GLSL

/*
BSD 3-Clause

The main logic is based on
  https://arxiv.org/pdf/1606.01299 《RAISR: Rapid and Accurate Image Super Resolution》
Copyright (c) 2022, Intel Corporation

The embedded model weights are derived from
  https://github.com/OpenVisualCloud/Video-Super-Resolution-Library

Converted by: hooke007
License inherited from upstream
*/


//!HOOK LUMA
//!BIND HOOKED
//!BIND RAISR_LUT_1
//!SAVE RAISR_PRE
//!DESC [Intel_RAISR_x2_lowres_sharp] (Upscale)
//!WIDTH 2.0 HOOKED.w *
//!HEIGHT 2.0 HOOKED.h *
//!WHEN OUTPUT.w HOOKED.w 1.2 * > OUTPUT.h HOOKED.h 1.2 * > *
//!COMPONENTS 1

#define PATCH_SIZE 11
#define RADIUS 5
#define LUT_WIDTH 31
#define LUT_HEIGHT 864
#define QUANT_ANGLE 24
#define QUANT_STR 3
#define QUANT_COH 3
#define PIXEL_TYPES 4
#define RATIO 2.0
#define PI 3.141592653589793
#define EPS 1.192092896e-7

const float gaussian[PATCH_SIZE * PATCH_SIZE] = float[](0.0000279978, 0.0001068011, 0.0003025633, 0.0006365687, 0.0009946325, 0.0011541664, 0.0009946325, 0.0006365687, 0.0003025633, 0.0001068011, 0.0000279978, 0.0001068011, 0.0004074064, 0.0011541664, 0.0024282723, 0.0037941523, 0.0044027148, 0.0037941523, 0.0024282723, 0.0011541664, 0.0004074064, 0.0001068011, 0.0003025633, 0.0011541664, 0.0032697080, 0.0068791998, 0.0107486840, 0.0124727175, 0.0107486840, 0.0068791998, 0.0032697080, 0.0011541664, 0.0003025633, 0.0006365687, 0.0024282723, 0.0068791998, 0.0144732771, 0.0226143572, 0.0262415835, 0.0226143572, 0.0144732771, 0.0068791998, 0.0024282723, 0.0006365687, 0.0009946325, 0.0037941523, 0.0107486840, 0.0226143572, 0.0353347172, 0.0410022237, 0.0353347172, 0.0226143572, 0.0107486840, 0.0037941523, 0.0009946325, 0.0011541664, 0.0044027148, 0.0124727175, 0.0262415835, 0.0410022237, 0.0475787690, 0.0410022237, 0.0262415835, 0.0124727175, 0.0044027148, 0.0011541664, 0.0009946325, 0.0037941523, 0.0107486840, 0.0226143572, 0.0353347172, 0.0410022237, 0.0353347172, 0.0226143572, 0.0107486840, 0.0037941523, 0.0009946325, 0.0006365687, 0.0024282723, 0.0068791998, 0.0144732771, 0.0226143572, 0.0262415835, 0.0226143572, 0.0144732771, 0.0068791998, 0.0024282723, 0.0006365687, 0.0003025633, 0.0011541664, 0.0032697080, 0.0068791998, 0.0107486840, 0.0124727175, 0.0107486840, 0.0068791998, 0.0032697080, 0.0011541664, 0.0003025633, 0.0001068011, 0.0004074064, 0.0011541664, 0.0024282723, 0.0037941523, 0.0044027148, 0.0037941523, 0.0024282723, 0.0011541664, 0.0004074064, 0.0001068011, 0.0000279978, 0.0001068011, 0.0003025633, 0.0006365687, 0.0009946325, 0.0011541664, 0.0009946325, 0.0006365687, 0.0003025633, 0.0001068011, 0.0000279978);

float sampleHR(vec2 base, int di, int dj) {
    vec2 offset = vec2(float(dj), float(di)) * (1.0/RATIO) * HOOKED_pt;
    return HOOKED_tex(base + offset).x;
}

vec4 hook() {

    vec2 pos = HOOKED_pos;
    ivec2 ipos = ivec2(HOOKED_pos * HOOKED_size * RATIO);

    // Compute gradient tensor (GTWG) in HR space
    // Standard RAISR uses an 11x11 patch from the upscaled image
    vec3 abd = vec3(0.0);

    for (int i = 0; i < PATCH_SIZE; i++) {
        for (int j = 0; j < PATCH_SIZE; j++) {
            int di = i - RADIUS;
            int dj = j - RADIUS;

            // Calculate gradients using central differences on the virtual HR grid
            float left  = sampleHR(pos, di, dj - 1);
            float right = sampleHR(pos, di, dj + 1);
            float up    = sampleHR(pos, di - 1, dj);
            float down  = sampleHR(pos, di + 1, dj);

            float gx = (right - left) * 0.5;
            float gy = (down - up) * 0.5;
            float w = gaussian[i * PATCH_SIZE + j];
            abd += vec3(gx * gx, gx * gy, gy * gy) * w;
        }
    }

    // Eigenvalue decomposition
    float a = abd.x, b = abd.y, d = abd.z;
    float T = a + d;
    float D = a * d - b * b;
    float delta = sqrt(max(T * T / 4.0 - D, 0.0));
    float L1 = T / 2.0 + delta;
    float L2 = T / 2.0 - delta;
    float sqrtL1 = sqrt(L1);
    float sqrtL2 = sqrt(L2);

    // Angle quantization
    float theta = mix(mod(atan(L1 - a, b) + PI, PI), 0.0, abs(b) < EPS);
    float angle = floor(theta * float(QUANT_ANGLE) / PI);
    angle = clamp(angle, 0.0, float(QUANT_ANGLE - 1));

    // Strength quantization
    float lambda = sqrtL1;
    float strength = mix(mix(0.0, 1.0, lambda >= 2.2e-05), 2.0, lambda >= 0.000557);

    // Coherence quantization
    float mu = mix((sqrtL1 - sqrtL2) / (sqrtL1 + sqrtL2), 0.0, sqrtL1 + sqrtL2 < EPS);
    float coherence = mix(mix(0.0, 1.0, mu >= 0.224847), 2.0, mu >= 0.471328);

    // Compute hash key
    float hashKey = angle * float(QUANT_STR * QUANT_COH) + strength * float(QUANT_COH) + coherence;

    // Compute pixelType based on position in HR image
    int pixelType = 0;
    #if PIXEL_TYPES == 4
        pixelType = (ipos.y % 2) * 2 + (ipos.x % 2);
    #elif PIXEL_TYPES > 1
        // Fallback or future support for other patterns
        pixelType = (ipos.y % 2) * 2 + (ipos.x % 2); 
    #endif

    // LUT row index
    float lut_row = (hashKey * float(PIXEL_TYPES) + float(pixelType) + 0.5) / float(LUT_HEIGHT);

    // Apply filter
    float result = 0.0;
    for (int i = 0; i < PATCH_SIZE; i++) {
        for (int j = 0; j < PATCH_SIZE; j++) {
            int di = i - RADIUS;
            int dj = j - RADIUS;
            float pixel = sampleHR(pos, di, dj);
            int coef_idx = i * PATCH_SIZE + j;
            int lut_x = coef_idx / 4;
            int lut_c = coef_idx % 4;
            float lut_u = (float(lut_x) + 0.5) / float(LUT_WIDTH);
            vec4 w = texture(RAISR_LUT_1, vec2(lut_u, lut_row));
            float coef;
            if (lut_c == 0) coef = w.x;
            else if (lut_c == 1) coef = w.y;
            else if (lut_c == 2) coef = w.z;
            else coef = w.w;
            result += pixel * coef;
        }
    }

    result = clamp(result, 0.0, 1.0);
    return vec4(result, 0.0, 0.0, 0.0);

}

//!HOOK LUMA
//!BIND RAISR_LUT_2
//!BIND RAISR_PRE
//!DESC [Intel_RAISR_x2_lowres_sharp] (Refinement)
//!WIDTH 2.0 HOOKED.w *
//!HEIGHT 2.0 HOOKED.h *
//!COMPONENTS 1

#define PATCH_SIZE 11
#define RADIUS 5
#define LUT_WIDTH 31
#define LUT_HEIGHT 864
#define QUANT_ANGLE 24
#define QUANT_STR 3
#define QUANT_COH 3
#define PIXEL_TYPES 4
#define RATIO 2.0
#define PI 3.141592653589793
#define EPS 1.192092896e-7

const float gaussian[PATCH_SIZE * PATCH_SIZE] = float[](0.0000279978, 0.0001068011, 0.0003025633, 0.0006365687, 0.0009946325, 0.0011541664, 0.0009946325, 0.0006365687, 0.0003025633, 0.0001068011, 0.0000279978, 0.0001068011, 0.0004074064, 0.0011541664, 0.0024282723, 0.0037941523, 0.0044027148, 0.0037941523, 0.0024282723, 0.0011541664, 0.0004074064, 0.0001068011, 0.0003025633, 0.0011541664, 0.0032697080, 0.0068791998, 0.0107486840, 0.0124727175, 0.0107486840, 0.0068791998, 0.0032697080, 0.0011541664, 0.0003025633, 0.0006365687, 0.0024282723, 0.0068791998, 0.0144732771, 0.0226143572, 0.0262415835, 0.0226143572, 0.0144732771, 0.0068791998, 0.0024282723, 0.0006365687, 0.0009946325, 0.0037941523, 0.0107486840, 0.0226143572, 0.0353347172, 0.0410022237, 0.0353347172, 0.0226143572, 0.0107486840, 0.0037941523, 0.0009946325, 0.0011541664, 0.0044027148, 0.0124727175, 0.0262415835, 0.0410022237, 0.0475787690, 0.0410022237, 0.0262415835, 0.0124727175, 0.0044027148, 0.0011541664, 0.0009946325, 0.0037941523, 0.0107486840, 0.0226143572, 0.0353347172, 0.0410022237, 0.0353347172, 0.0226143572, 0.0107486840, 0.0037941523, 0.0009946325, 0.0006365687, 0.0024282723, 0.0068791998, 0.0144732771, 0.0226143572, 0.0262415835, 0.0226143572, 0.0144732771, 0.0068791998, 0.0024282723, 0.0006365687, 0.0003025633, 0.0011541664, 0.0032697080, 0.0068791998, 0.0107486840, 0.0124727175, 0.0107486840, 0.0068791998, 0.0032697080, 0.0011541664, 0.0003025633, 0.0001068011, 0.0004074064, 0.0011541664, 0.0024282723, 0.0037941523, 0.0044027148, 0.0037941523, 0.0024282723, 0.0011541664, 0.0004074064, 0.0001068011, 0.0000279978, 0.0001068011, 0.0003025633, 0.0006365687, 0.0009946325, 0.0011541664, 0.0009946325, 0.0006365687, 0.0003025633, 0.0001068011, 0.0000279978);


float sampleRef(vec2 base, int di, int dj) {
    vec2 offset = vec2(float(dj), float(di)) * RAISR_PRE_pt;
    return RAISR_PRE_tex(base + offset).x;
}

vec4 hook() {

    vec2 pos = RAISR_PRE_pos;
    ivec2 ipos = ivec2(RAISR_PRE_pos * RAISR_PRE_size);

    // Compute gradient tensor (GTWG) in HR space
    // Standard RAISR uses an 11x11 patch from the upscaled image
    vec3 abd = vec3(0.0);
    for (int i = 0; i < PATCH_SIZE; i++) {
        for (int j = 0; j < PATCH_SIZE; j++) {
            int di = i - RADIUS;
            int dj = j - RADIUS;

            // Calculate gradients using central differences on the virtual HR grid
            float left  = sampleRef(pos, di, dj - 1);
            float right = sampleRef(pos, di, dj + 1);
            float up    = sampleRef(pos, di - 1, dj);
            float down  = sampleRef(pos, di + 1, dj);
            float gx = (right - left) * 0.5;
            float gy = (down - up) * 0.5;
            float w = gaussian[i * PATCH_SIZE + j];
            abd += vec3(gx * gx, gx * gy, gy * gy) * w;
        }
    }

    // Eigenvalue decomposition
    float a = abd.x, b = abd.y, d = abd.z;
    float T = a + d;
    float D = a * d - b * b;
    float delta = sqrt(max(T * T / 4.0 - D, 0.0));
    float L1 = T / 2.0 + delta;
    float L2 = T / 2.0 - delta;
    float sqrtL1 = sqrt(L1);
    float sqrtL2 = sqrt(L2);

    // Angle quantization
    float theta = mix(mod(atan(L1 - a, b) + PI, PI), 0.0, abs(b) < EPS);
    float angle = floor(theta * float(QUANT_ANGLE) / PI);
    angle = clamp(angle, 0.0, float(QUANT_ANGLE - 1));

    // Strength quantization
    float lambda = sqrtL1;
    float strength = mix(mix(0.0, 1.0, lambda >= 2.2e-05), 2.0, lambda >= 0.000557);

    // Coherence quantization
    float mu = mix((sqrtL1 - sqrtL2) / (sqrtL1 + sqrtL2), 0.0, sqrtL1 + sqrtL2 < EPS);
    float coherence = mix(mix(0.0, 1.0, mu >= 0.224847), 2.0, mu >= 0.471328);

    // Compute hash key
    float hashKey = angle * float(QUANT_STR * QUANT_COH) + strength * float(QUANT_COH) + coherence;

    // Compute pixelType based on position in HR image
    int pixelType = 0;
    #if PIXEL_TYPES == 4
        pixelType = (ipos.y % 2) * 2 + (ipos.x % 2);
    #elif PIXEL_TYPES > 1
        // Fallback or future support for other patterns
        pixelType = (ipos.y % 2) * 2 + (ipos.x % 2); 
    #endif

    // LUT row index
    float lut_row = (hashKey * float(PIXEL_TYPES) + float(pixelType) + 0.5) / float(LUT_HEIGHT);

    // Apply filter
    float result = 0.0;
    for (int i = 0; i < PATCH_SIZE; i++) {
        for (int j = 0; j < PATCH_SIZE; j++) {
            int di = i - RADIUS;
            int dj = j - RADIUS;
            float pixel = sampleRef(pos, di, dj);
            int coef_idx = i * PATCH_SIZE + j;
            int lut_x = coef_idx / 4;
            int lut_c = coef_idx % 4;
            float lut_u = (float(lut_x) + 0.5) / float(LUT_WIDTH);
            vec4 w = texture(RAISR_LUT_2, vec2(lut_u, lut_row));
            float coef;
            if (lut_c == 0) coef = w.x;
            else if (lut_c == 1) coef = w.y;
            else if (lut_c == 2) coef = w.z;
            else coef = w.w;
            result += pixel * coef;
        }
    }

    result = clamp(result, 0.0, 1.0);
    return vec4(result, 0.0, 0.0, 0.0);

}

//!TEXTURE RAISR_LUT_1
//!SIZE 31 864
//!FORMAT rgba16f
//!FILTER NEAREST
8a20e5bb57b1083cc60d84ba8f7a123ca5658fbb21b77abc4a54283c988b07bc7e40d03cadfe713ce6c1eebca6cfbb3c610430bcdcb75abc1358babad13ab5bb9c3381bbcc69113c672548bdd5c375bd5cde683dc31da73c8ccc8bbc7cceeebcb44e093d6d0c3f3ca969173d99fcf03cfb5c9b3dc10e073ee21999bde8b084bdd315133c33eb2f3b65a69c3ce997133d5033a5bd19ad66bd91551ebea8bb77be4d3d8d3d7f7df73dcabc3abd025180bb7354a1bbe2b7d93c27d7e2bc5b3982bd542bc13d3c868c3e653ea2bdba2471be75b8d73d452d5f3c2bd5813cbc658bbcc82203bb36e249bc5f44f5bdd5e2ae3eee49563f2be0aa3e93dbefbd38a277bce9ab3ebbb2e388bcc5d08a3caf4f3a3ca805d43da23373be870ea8bd3c728f3e7ef1c63db41a7fbd698bebbc7d87df3cc40bdcbb0514623aa63f47bdc45afc3ddbc2963ddf827dbe084e1bbe7f065dbdce58b1bdf692063d4be6ce3ccdc77f3b2b2aaf3b5a528abdb99597bdb3c00d3efd6b8d3d7dc8e13c84e4123dbd37843c1fdc123db24b03bd4590cebc923cc43c26e37c3d4c8383bde9f34fbd48ef343c9a93183b01160bbc603163bbc4a25fbc1a4c1fbc9082ff3cd930fabc4042833cad53c33c5dc5b2bb1114e03b1b9662bce99793bbb002fa3bc2e2313becea3b3bd20014bc000000000000000000000000
5b04c4bcaf3a083cda10c73c2baac2bb6eeb7e3bb25de0bb77571bbcb5fa283c314b913a96a1483bc986fcbb5f49883ca1b6833da11e64bdd0485dbd1f689f3cf1e19bbb708601bc47d0b7bb935fa4bb765598bcb34f073df5adcf3bae4e86bdca959ebd2b7b093e1228a13d6baa3a3cd4f0363db784383c13f5133dca20e2bcdc50e8bc8c0641ba098934bda869f43d57d8a03d987d74be76d723be09024bbd1dfabbbddd17f33c739bc33cc9c4143b6eeb7e3c61f3063c11e7d13d798a73bee43ebabd525b913e43ccc23df51850bd30a5dbbca313f43cab047dbbd99773bc6c344aba14ac85bc11ca02be4b65ae3e91db563f2091ad3e7836febd060a58bc7dfa2f3abc8e84bc9dcb46bb60d0f73c8e0ac7bcba723dbd6ce4c13d2bf5903e43a0c0bd87e072be0900c83d037d223c89007b3c6a202b3bf70b9a3c9d15f83ce107b8bdf0e869bddbc321be78f370bef344a03dbb61f63d80ba2fbdf1789ebb837eb5bcea89dbbc359f0e3d61f0663c898e2c3d1d909b3cfad99e3de858063ef69ba2bd441780bd9dcc263cd8dfde3c20a59abcf049b9bb5e2839bbf80e40bc05aecdbbb02b923ccd9753bd30a55bbd83d1743ddfb1583c98c3babb1c6fcc3b314b91bab077463ccd4537bc258044bb89c33c3b0a6d08bc7ebed73c1ad6033c5869bbbc000000000000000000000000
4cdfc5bcf3d8473c40f0bf3c09752abc5d04133cb0328dbb3e7447bc2ccc4e3c570494bb547a023c27bcb2bb47947f3ccec06e3dc68f64bd667543bd407e0c3c8d7190bb182206bc7e837fbb0deb97bb15c443bcca1d8a3c8d7c4a3ccaf085bdd8a99dbd6804083e8a039e3d9d44b03ccc73313dbb633d3c87ee0b3dd99efcbccb5e58bcf76fcabbeda132bd9a0a023e406c923dd93474be97ae1cbe915380bd2238acbd3e5dc43c0046ca3ca185b1bb6e349a3cae81a83b86c4c63dc58b70beeefab8bd0195933ef0ecc53d7c743ebd210caabc1813de3cab45563bc9348dbc82fb23bbe3ea1dbcb50804be2f6fad3eb913533f3462ad3e945d08be1efe5dbc0eaee9baa20a94bcfa0ad43af73ee53c17a7b5bc5d8058bde4acc73df1e5923e3f26aebd1b126fbe8fe6c83db277e23bf34b8a3c4a081dbb02e7de3c1a1ac43ceda1b2bd68825abd765820befe8d75bea00b963da25afd3d8a083abd6190f4ba823090bc436505bd6f33183dca4f173cc311423de8e0573c7614993d83d30b3e936097bd4d6889bdcd0bb63bf5aac13c69e069bc6bfed2bab2c508bc0b2dc2bbe855eaba087c5d3cbf4655bd08b271bd71a6803d693ca93c38ef98bbd371863bd91097babf1c303ca2e61fbc0f0d08bc4804163c8249e3bbe17f9d3cd0ad723c4c36efbc000000000000000000000000
75a70ebcf79ff43bb7156d394ba7133cdbf4d6bb5daf1dbcfcbb9c3bc9e682bbdab2b33c12478a3c95a304bd5b08033dcfd588bcc6d022bc895ddebb82c81ebc0d94dfba45b9703c7de246bdc7b78cbdc6608a3d7ee1a43c5962cbbc80bff2bc39e9183de595a63cfc54223d7266ce3c3b99903d4c080d3ebef990bdb3da93bd7bc9003c2a74ab3b81c3b73c42d6fc3cf24db9bd29dd69bd9d801fbe5cea81be2c02a03dadf0f63d40813cbdb28e81ba90f3febb8ddaf93cd7a5c0bc716770bd2355ce3da46e8f3eaace92bd92996fbed89fc73dcfd74c3cf453813cb25953bc1dc2e2bb9e7017bc66ca04beaaabaa3ee060543feb82ad3e95a304bec4fa21bc850d67bba05874bcd427833c5f8c493c4beece3d72556dbe8cc98ebdfa368d3ed9a1ca3d6aea75bd058fb8bcdf6fef3ca1c5f7bb1d539bbb19f731bd3e9bf43df7be913d277f7dbe349f22be766a74bdc3b7adbd860e073d526e9d3c74a9523b84a0633cbdf78dbd0ad691bdacfd083e86c79c3d2c4fd43c96272b3dfa4a933cf86c063dc4fee8bc6c4095bccdfd843cee387b3dbc9083bd62b749bdc07e693ca01bb8bbf0d90abc7128b1bb61fa2dbc2f2b5ebc9647bb3c4831e4bc09117c3c7268d13cf3ea03bc5a031c3c7ba145bc2b77d0bbc0ae303c792991bb0b84473cff9e10bc000000000000000000000000
2782e3bbd2255d3c9260cbbbfb53443c519b9fbb9560f5bbc84f353c1aac1fbc032ab03c41ef313c6832c1bc7a5ed83c625c66bc2a5885bce2d13ebb664767bc634738bce4d1ee3b52db35bd93604dbd54db513da877d03cbe0eeabc11960bbdad0d263dbb23ef3cb623203dfc3e093d24e2ae3df5dde23d49da67bdcf3a66bd614791bcdfd18a3bc5cf0a3df468163db338b4bddaa683bd56762cbe09455bbe8d35353ddda6b73db738fdbc15c194bbcd2500bce166f73cace249bd63c7b7bd0bd5f83dfbc6803e6bbdbabd134634be6c7dbc3d3b04113cbace173d22028cbccf3a6abaee9236bc2462abbd8c7dad3e60f84d3f3d1caa3e8034a8bd6d0885bcabe2423a8cf59abc38d9153d7fc9dc3b7c69b53dee223abedd46bdbd5c7c833e9ef6f53dd470b1bdac6259bd062afa3cdbfb61bc322e813ae93cf6bc1841c03def12543d473a5cbeaa822bbe008a87bdd065aebd6a9d193df13d293d9160303cab62b2bcdd3b76bd899f75bd493ae13d9d41a23d1d170d3dec121f3ddafbda3cdfd1133d5e1c2dbd673226bd5ff1f93cb1cd5f3db0cd4ebd4d7017bdbd79973b549bd7bbeda77ebc042a5abbd03afcbb519b1ebccafa113d8df5c1bcc74f2e3c002a913cc364b0bb1eacdb3a288275b9cf25a9bb9160a93bbb8eaeba71f3863bc479fbbb000000000000000000000000
aeea91bcb7857c3b145e973c04470fbba1ea283ab42dc9ba244b2ebc977d073cbb85743ba8036bb95da305bce487da3c4fe4313dec0523bd11f53fbdd557013c82d18ebb7468c9bb19214fbcad42ccbb997d03bc0288273dd64287bcba995abd20b867bd6efee23d28f6ae3de0afa73c458e343d76fdc03c2935173d500e23bd655140bdad2dd33bbcab8fbcc403ba3d9e81513d45955abe148424bea61493bd83a8b1bda9d7cc3c289f0a3da38149bb5e25af3bf6f2c23b9348943d0e6a3ebe452fccbd35fd833e8306053e992d76bdf80737bd00882b3def9e6b3cd2854fbc665368bb24c983bcc899c2bd442bb03e691f483f289eae3ef67cb5bd264f7fbc008680b9247975bcce2d9b3c45a32f3dfb861ebd93ec6abd8366073eb217833e811fd8bd21c63abe5eae8b3de7af1c3ceec8de3b6492d5bbb544ea3c8dbeae3c514fb7bdf5309abd6b601fbefd895bbe2037523df71cb33dc26c9abc7c5344bbfef120bdc24113bd32761d3d4b0c023da815233db3c2c23c25abad3dabe3e53d11a15cbda11645bd72eaf6bb245f113d78d11fbc7c5344bcbfab0abc402563bc1cc910bb81fb013caf4249bdb21628bd3220103da46aa33cd65bd6bb55cd853b9896d43ae9b36d3c4ce28cbcc318b63b6d53dcba4cd1eabb8b40db3c80fb823b4ee28abc000000000000000000000000
6dd881bc5ebde13bc971d03ce22107bcbc32a4397243823b128f28bc503bf43b59d6893b3cfcbc3b6d5801bc3e54863c5eeb1a3d92592bbd892c4dbdda32d63bfc21b4bb37b974bca2b021bc895832bc0c7a16bca42cfc3cf0f791bba84448bdf80a52bdb5d9e53d70d6b13db16dfd3c77030c3d167b113ddc35193d6e8211bdbdc816bd4e93b9bab55ca7bcd7b4a63d324f5e3dff4a5dbe69d624be54c08fbd567ebfbd36fe873cbd45d93c6c15c1bb7d2a643c5e15a73b7be3913dd5d339be846cc5bda06c823eeff2073e9f4266bdd42005bd58a93a3d017a833c614190bc6b54d4ba10ce38bcc55cc0bd35a7aa3edfcf483ff37eac3e0877d0bd6b2a47bc9f9b17bb96efa3bc5dfc753ce4ca2d3d648114bd3d2478bd4aa5063e769e823e630ab8bdcefd3cbe1be6923da2ef373b3911403c716d8ebaf408f53c0eceb53c1dafb9bd8ec586bd345729bea2285cbe91ac5b3dd869af3d668282bc4311503bd1de2bbdfd621fbd3a53163d4d7cdb3c50aa173d8195e53c63b5b03d471be53daad869bd1b8d62bd747e71bcab711c3db23213bc6515b5bb99584dbc7e00d8bb2ed216bcd08a0c3c619442bd13cf2abdd69d483d6700b13cc186c8bbeb1d6dbad29f173c97b08e39b79b3fbb6da874bbb7080e3bab8279bb2322763c74580e3ce94ba2bc000000000000000000000000
502dedbbe3f6c73be60b41ba5381d73bed899dbbb074e4bad585003b939ac3bba8ee9a3c05f7233c4d6ac6bce4a4f43ce074b0bb19253abcbe312cbbd9cc5bbc268e96bb89c00ebb46500ebd486b5abd01e76f3d3b3ec83c60e709bd9dc53dbda89a2d3d3f40df3cb0c41b3d7de9043d6bcaa63de983e13df5ba6bbd138b82bd04fb5abc8daf453ce3c70c3dcb06193d9b85bfbdcb0f83bd1d0429bee2d25bbe72ed473d94efbd3d0a3610bd2f2523bb6aea26bc134c0f3d716d48bdf7b5a4bd58d9f53daf05863e25e6bbbd93f43abed33eb53dee78573c9381113dbc33c9bca26c86bab11888bc33b1b0bdb683ab3e39ba4a3f687dae3e7ed7b1bd864664bc378175b93ea9c9bc7ed6233d8af2713c0e8fbd3d4eae33bea966bdbd09a5833ef57bf83d3cfcabbdeea13fbde848153d956c13bcbe89cfbb9d581ebd0b59b73d4b7d293dbe1f59be1c042abecd6f80bd5e2bc2bd6953123dc1f6ec3ca19ab33b5babc5bb91b377bd722e55bddee2df3d0258b43d3696f13cb9f0233d9adde53c02e3373d87c11ebddc4cd9bcdc33a63ca908593d25d24dbde0b430bdeebb7f3ac69a0bbc63574fbc4ba7a0bad4079dbc83f2f8bb5353a93c9718a4bcad2d073cecf6be3c86ab16bcfce1313c761411bcd81c95bb7e03443c0bfbd2bb20ea773c354f13bc000000000000000000000000
2f1d8ebb89cf8d3c832cefbb2f9f0a3cd593b6ba5bf9d2bbf29bac3bc6ab0abccb807b3c3a608a3a37b3fdbb8ac2c93b07caa9bce09da6bcc0a9d7bb360ff2bb3af0383bc4f04b3ce0c5f5bc9f19efbc8297ee3c370e843cf5e4e7bbd86a59bcb0974f3d5af70b3d77e7ab3c7b8a943b1ab7723dbccd853d6d4442bc08d4e2bc8e240fbd533f223c86a5d63c3a94c43c42379bbd9b8743bd674dfcbd745820be1913e73b109c0b3d0f7ce8bc3db9a9bc1fb551bdcef962bbf90786bd95ed92bda537ce3d42f9583e8adce6bca7d6e2bd532b453dfd29e03c1bcc833db5665b3cef46063dbc9456baf28bc8bca0f49a3ee5fa203f44cf963e7056a3bc62a94abc9963123d0b21023c9cb8803d4ce17a3ca1024d3da275f6bd1267e8bcdb525e3e7ca9bb3da6937abd59ffa2bd04092bba94677abdd95c27bcf270d2bca767323dfc180e3c494a20bece08eebd54e254bdeb6b7fbdf283d63c3ce02f3d577ea43c397b25bd7e1207bd860f7dbc3db6893dba675a3d50360c3cc0a9d73b9c13f93cf02e0b3da626b4bc0c470abda75fc03ce7aef93c3aaae8bcf283d6bc70c3e93b8697243cfa6d33bb7775933bfd5c2cbcc0515cbc9f5bc63c9c5702bc6c7ea73a429c373ceeb273ba3aac9abb1636843af57e3abc0fec393b250eccbbea5b063c2f6d97bb000000000000000000000000
3705d4bbcce87a3b3637453c4ce73dbc5b59dcb82582acbbf9859dbaaff97e3af43b5bbb4187513b7f1668bb0445a13ce6fc563cc354ccbcd5aec5bc766a693c044b953bf9655dbb5fa1f7ba108180bba6a7a1bb0845f73c419da5bcb3f4debc872080bc6b2d8c3ddb96763d3f8a203b0c82283c9de5ce3c11bc0a3de217cbbc83715dbd5dec8b3ccf37883c3726673d24ac2d3c5c7b18bee74ef3bde0cb62bd6fe69abd07bd313c0630763c07648ebc012732bd26dbcfbcb69e8b3c850b1fbeb60fd4bcb9fb513e6c12ed3d15ab02bd2a3449bd8630353d4269383d69e2a13c1ffd8a3c509c543b99cd28bd751da33e31151b3f52d6a03e5f42e0bc511da8bb6863ca3c0e38923c9c725f3d56ab373dbd0416bd596e07bd6102f63d61a6583e7b1514bd63d716be7f32303c33a170bc5f5b2ebd4965c1bce92da03b1743283cd88aa3bd997e71bd8c60ebbd0ac826be2c3c643c26ee293deeac4d3cbad646ba87732fbd2056aebc50e0213d1414db3caef20c3c79c92b3caaa37f3d1eaea83d7ce224bc50985cbc46b1d3babc19c13c77e7c4bb8e1c09bca38a303b79a1fbbb2d50bc3b9ee74a3bb496f0bc44bc12bd6626443bd4ee9a3b9e070bbab7c9b53b6d04b4bbd5350d3c847e43bc5a87d53b3623edbadc2d1ebcf3e8ab3c7eb5d43ba88908bc000000000000000000000000
59b9ddbbe14a203c5122603c6ef688bbcca296bb2719bd3b05641ebc3b40f83b8f57a43a4e0b843bacb791bb8ae3673a6dd9993b5816fcbc4972eabc5bfba938edaa8a3beb47d8bb97a731bbba0720bc035dddbbac47cd3c283e9a3ae0214cbc9ad133bc78b5a43d6461863d5f07903cf57c133c321f023d1dad0e3d4b5798bcf57a47bde164c53af73fec3be247273dfbcd4d3cf86d29beb070e9bd6f758bbd075297bd8f57243bd0fceb3b411fb4bc471913bde3f74abc0c79203c73440ebe73ca0cbd3db5553edfa0fd3d10b230bdcb97debcd92c323df081663dfaa8703c6a25ae3c27f8d6ba0d7ff2bc5afb9d3e1ca81c3f8b93a03ed99b28bd10a3a23a2d6e6e3c85e75d3c8057513d95282f3d3a7e1dbd5ebf21bd49b9f23d7cf1513ee3f7cabca9321cbe7b4a8e3c75e2b6bc5f902bbda83770bc47f28a3c3a9a8e3b47bb8ebd87f082bde4dbf1bd9e2b1ebebe29343c7cd25b3d44ad743c0d3c793cab2a5ebd7b43cdbc0bac0d3d172fe83c5f58493cd6aa063cd8ab843d8578883de17e8bbc88fedabc0e56bfbc82cd083d30dfe0bb4bd993bb28b4b0bb3e934ebb06c4863b4192213cd73eb9bc4497c6bc1492993c43b5623ce2aa88ba7cde40bb414bb13bb8398fba7e69583a17ced2bb97ab28bbf4b0ddbb26ab943b223e193cc16312bc000000000000000000000000
b7ccd83a3389c0ba98022c3bcf1b2ebba14d8abb0deec8b95a7449bb97f2dfbb4e1c4f3c5ac3983b33b735bc92bdba3c750b4bbc055359bc1ca6a13b3392e8bb90f6d03b381b073cc684b1bc6e730cbdc97c063ddbaeb83c5edf03bdb8dca4bc45af0e3d32ef093d2bb3403cc93e803c1399493d1da0923dfd915abcf9e80ebd0ba030bdfaa5983c5d0e3b3d328fac3cf49682bd0ad35abd8b53fcbdaa7623be2bc4ce3b84d3343dbe57fcbc5a633bbc861d5abda80623bb58ee96bd4ed480bd61d9ba3dccf4663e51b1d0bcb2edf6bdbdd6393d60f4ca3c28e3733dfab6263c91dc1a3d2a65a8bc149f7bbcc45d933ef0f8213f57c3973e3b46ccbc7196ebbb709f083d6a633f3c94b9823ded11113d24c83f3d8a10e3bd8935d2bc2b19613e7e41cb3d121494bd4f8885bd042171bb657742bd8b1d96bc8fb411bd5919163d4b28a73b36ad22be900d06bee70047bd7ecea0bd2e76b73c9a55f93c61f6c43b779e0dbdbbccd9bcd37326bc1d9f953dfb515a3d274f6f3cbe6db43c3200183dcd013d3d194e29bc33c05dbc3f17963ce967d33cad01fabc333ee4bc62dd503c693affbaf25505bc0d679abbb0d8afbc579995bcf6239e3b9785e7bbdf629b3bf716833c43dd48bc1d45023c097c1abc2c67a23bf52cc63ab7ae2fbb8c9a653cd6cb9ebb000000000000000000000000
e738d4bb857c1e3bc543a9bc2380603cad02ae3cf055fbbc6f5f753d162441bc2d15dabcd656143c80d42fbcff06a03c35b0f6bca22db53de4eafebcd4ff0bbdee872dbd271a81bdd7ed9c3c2f805b3cd3f58f3d9dcf7ebc0f0f46bc8834e83c484672bd733a9bbdd698db3d562c153ec1d4123d02fd5e3d5ad33abed5e4e3bbe9f1ab3c1063bebc9945c8bc1905093d7424973cf3020f3c528880befa934dbe42869a3e5e347b3bfa4933bc84194abdb5409f3d0a69e2bc5de9003e6e870cbe92258fbdadd6083e21499cbe3faf12beb2cba23d583a273d2208963d1a6899bdfeed8bbde6e14a3d949497be77b9de3e3d52c23f8240c53e9c1183be9a131e3d8bfa8fbdeac292bd04929f3d7013313dcc219b3d7f2b39bee15c93bec690353e702b84bd1e0818be37ead33d707a9cbc9b489c3dfed058bd852284bc01f0953c5b24b13e25e57bbe054d92be78e7a53cd849423c42575c3d863b98bc236be2bc5058db3c061c1bbc4e1c55be8104913d2307103d93b81f3e7b11033eb2d0bebd99f565bd9334633c21dd14bc8754acbcea3cad3d5024273cef126b3ce57f7cbd064928bd786931bd24870fbdef82cc3dd3bd00bdb884b43c5c0b0dbc0a67573bd245aebc46456dbc96397e3d2a7003bd747eb13c311e933c839bd5bcc828883b10af09bc000000000000000000000000
3eaba03b108287bc2eda873b75b6ccbcd57c283d66f70cbc85c9833b9b1f023d22d0bcbca1668cbc346ca33b8f6208bd7f41bb3deca544bc1ec2053d51d45ebd5b8807bd84f062bdeed204bd6e3ab23d659b02bae3dfdd3aa9a0a33c533bb73c0a9d5cbec7d0493de0cf813d5749ee3ddf2f1b3e3fd8c5bd022968bdf254ec3beed8af3aed572ebd2b7757bd8bda1d3dd16dbb3ef69973be1440a1be2eb22d3dd1dd19bc53066a3df07eebbc9992d2bceba4a13d17ff443d381b993d3e6a51be8f589ebe9e4f4d3e285a6dbd433a05bec72fc83d784462bb0ddf933d56c695bd0935a6bd0dee893d9c79a2be4c21e33ee5dec03fdf06cc3e60268cbee2286c3d5cf2a7bd18c195bd697c943d98dc40bcb0f3f23d48efe8bdf71a75bd32a0213ec736a9be1d412ebea8669c3d49ce343dc996a03d32f0a9bc22330fbd223a1a3d58742bbb3165ba3ce3098dbec40448bea3efa63e19f9dc3ca5c73fbd3ab32dbdc3b0fcba5eb9b23cebed72bdc041a2bd2fa8043e7dd0e33de7ef803d9b84ff3c7abc44bea41fc43c6df5883c54d3dcb9b349413a1dce983d876edfbc43ba37bd7e2c1abd92b66abd35ed243da90c04bc9c3b9d3df0bbe6bcb2b1de3b26bc9cbca03887bcb640d43c03df793b4034d0bb0be9233d26aac3bc13783aba5e2433bc53a6373b000000000000000000000000
ab21c63a5dbb87bcaf3bb23bc8fcb0bc7dc6dc3c8092d13bb10120bc811c2b3d424111bd820441b8c5ad9f3b9b1eabbcb42ca03d754511bc08f6ed3cf6e612bd64d63fbd62b215bdf2c606bd1b8d963d6ace35bbee4101bc2c402b3c4f77cf3c5aca4bbe6b09623d6e76e43cc857f63d5411fa3df935a4bdff441cbda9e47b3c7001a63aaf3613bd300664bd00bcdc3c39ca9f3ea90a25be3d3087bef4620e3c4850893cc82c853c33a33abd3b9c31bc54f4a53d91e34a3d0d5bc13d695d41be7254a9bee7cbf13decda37bd3a3801be56c2f43d879c2a3c9bfa7d3df6b99cbdf8dbb7bd7cd8263df7987fbeea36c93e2deec43f3b6bdf3e761b95be2518483df7efa9bd6d11a0bd905d853da3e89c3c9225cd3d03f110be5cae2abda372223eb9499fbef07d60be5d0eb73d03c44c3db5a7a63d625e97bc8e531fbda9b5123dea73ee3b973feb3c95389bbeb0ae4ebe8ee9b23ef2c61f3db15468bd9a2419bd28c71a3c5acb1abb791207bdf3bac3bdf0a9103ed2f1033e1de4d63ccb72983dc2dd64be8589ad3cd5684a3cb48005bc84705bbbbd46b13dff2024bdec5734bd004b3cbd7fe604bd7b54bb3cd2846bbc7704c23dc553ccbc6ecab03b5d847639182324bda1da3e3df2f01ebc23b8d43bbbeed33cfc7eaebc2be1063c43bea6bc4fbf8d3a000000000000000000000000
5f6d81ba2c3c65bcb1449cbc5d6a1f3d6726ffbb89811c3b0466243d0750c5bc76750bbc0227ebbbe68110bb140e633cdccd023b9928833dac3ffcbca55234bd36fb3fbd608d57bd8f46013d59ade93bdb2eb83df83defbc3cdb72ba69f472bc362da9bc170de1bde7fc103edf1e153e7fca093d954d733d33db62be50f22dbb78d9e73c476b01bd998a063b4ef8fc3cd54ae63ca066d53cdd3b99bede3667bedc1cac3e5f21333d82b7f4bc6af049bd1ed2913d085976bcc0a9b33d867410bee966a9bd4b0d493eb93395be187246becfbc9c3d8dc4203df7f1963d109e84bdcc719cbda646433d01717bbe8ffac33e5701c13f566eda3ef93590becbe7733d3ac093bdfe2989bd8e5d953d0aca183df6a9ac3db9be22beadb29dbed6cc1b3ec170adbd7b8d06be1612d83d035db8bc19998c3d519645bdf9cce4bc7b3dff3c6222963ed1253cbe2dd786be4e596d3c37310d3d93dc463c1ad84fbb0428cabccd42da3c49e1353b791c4abe8f1b233df3a5263dba98073ef197f73d824cc0bdeca3c6bcbda2a83a699219bcbe77cabc1edc903db04c6e3c927e163d74ac64bd19d144bdde1611bdb99dc3bc1c43503d9c50f73ad2977b3cebcee9ba803047bb773934bc3600c8bc5617243d7383673b3eef08bca2e40c3d7e7673bc258c5dbc69f309bb000000000000000000000000
f26668bc58954cbb0df6b6bcbbff1a3d2a9561bcc3b2473c3595dc3c630255bc97d4a93c51c804bd6d3db3bb476e693d870f14bc6fb3733d2bb41dbd739deebc50eb53bd39ba39bd3485003c7ef682bda9ce1d3eeabf85bcbc2917bdca0b9cbd6f399b3c0494afbd9174ea3da4dedd3d8d111d3d2b17103eb32853be07fee7bc1d7c523b6706eabb3246073b4086003eb4ed31bd81705a3daf8524be6e3b88be34148a3e2afb883d43a09abd067b57bdd5379e3d6f8a023d6f93b63ce26c87be33720ebd0185d53d754bb3beb36541beac08d63daa9d973d95ee073ee653fbbd8f95b3bd246b683ccfe90dbefae1093f2a89ab3faec9053fc226febdf517103ca20cb4bdb144fabd09c3083e1951943dabdcce3d17954bbe0cc2afbe343afa3de7800cbd69e888beb823713cc166033d80259b3d83da55bd9fb194bd01cf933d77d0913e1bfe91be7b0331be3ed7633dad6f40bdfb1c0b3eef34bf3b07aaefbbb130443b491bf6bcc18161be114c1a3eaffd143de8dbea3df05ffe3d1618bebd6af8973c9e40aebde26c16bd30c893bc7276273ee9008cbd99173a3c5cfe40bdcd615cbdf4aa02bd382331bdec4b8c3d76a20ebc146b6f3d8867a3bb2bdb08bd3109993c11af0cbc72bba53cd0d48f3c5cbf46bc10c5103d75d2adbc667cb0bb221771bc000000000000000000000000
6909f4bb242a05bd1e8bbb3c13b3b8bce2ea313d1de0ddba820887bba087013dac74a6bcbe3a8bbb89f955bc3aa23abc03ba1a3efab845bd4c77daba0d0534bd8ef16abd8f46eabc699f2fbdd92f873dfa741cbcea865e3dea8cc5bb8342e5bc8acb7bbe6c9f0c3ea57d7b3df1d7b33d04b7153e38ef9bbdd0c7403ce02671bd92230ebd4d5ed4bc9d6634bd04ddca3d6d3fa23efea67ebe226c45be0a7cc83cd4efbbbd822dc33da4cd8abb27f63abdc2c3aa3de9d87b3d6fca8c3d82b57bbe5b94c6bef9c8113e62f58e3cc0a254befdad903df4fa263d1337f33d7311ddbd9baccfbd62921b3cbf6b15bedc95033f453eac3f191e003fdd0e05becf81943b8949cdbd4e63dcbd7055f53d9333283d6ab9a53d8bc650bed394553c143a073eab9eccbe709e72beb135963dbf7c763d08c9a93d108838bdd0af19bc2bb7aa3d56b4b1bd0da5a23cb6dd33beb8e870befc269b3ee88ac23de76f39bd4388d4bcac250ebdab4847bd2c29253c96ca87bd5b280c3e8905a43de7ef7e3df241073e37d370be354bdbbc6251dfbb5da0553dffaf13bc566b683d071e18bdffd6f5bcb58360bdd4df21bdecb39cbb0eb73fbd7f5a133e713a15bcf00e48bcb4843fbbb4f8abbc47330f3daf3a0dbc24d1a13a799f2d3d0b1bd8bc76ffe13cab2006bd734707bc000000000000000000000000
098a2ebcc5c4b6bc7966843c788170bcf576f63cf55f593c0cb49cbc145f183d350c92bc1721b8bbe3746ebcbb705ebc4f89173ef17345bd66250dbc2f0b08bdfdc687bd35e669bc7ebd1cbd94ac4c3db1d501bc0db8673de0896bba594f14bd738b6bbe00c2093e31ab843d7ce8a53d45e2053e1b609fbde52f8c3c723d2dbd85131ebd8e57dcbc87142ebdca85c03da6489a3ed9a976bec66435be6da5033dbbf798bd5aa59f3de59cb7bc70522abd7633b53d83176c3d7066913d81576ebed479ccbeef85093ef507a6bad89257bea4eba13d7eab5a3dfd2cf83d2945e9bd99a2d1bd7953303b939802befcff023f0f0dab3f0296063fcd3810bebd85d43b96d7cfbd2705ecbd9ceff83dd21c553dc6ed943d29cf5bbe9e6c3e3befbb163e2330c7be5dea78be1a74873d5f546a3df47db33d72d226bd400ea7bce33cba3dcf64a5bdd619173d83a546bece0283be2f87a13eb4b9c73df67117bd772be5bc4e7917bdd09c56bd7b68a63c5b31b6bdc352123e1b01b23d40cc823d855d123e98d478be72e720bd9cd9ecbafb766f3d631018bc6ceb753d6d3d35bd4b9262bc41e28cbdd0ae18bdb12db5bbb91a55bd5965213ee45f72bc612961bcb1c007bcb6c081bc3d8c063d5a6858bc8729273c78d7fc3cb31838bce307413cdbf0adbc722948bc000000000000000000000000
5b2e74bcbe97d739f9b8ecbc93d4183dcd400fbc62976d3c1eef853c0c17023855ba193c7867d8bc94ba0abc8bff5b3d213be9bb38cd993d6c432fbd49bf2bbd8c9b2fbd83cf4dbdbdfd893bcd2f5cbd4dc4193ebed654bc144304bd3fe3b9bd09dc913c26e1b9bd98e3043ef737ea3d37f40e3d11f4173ea4d963be4a44babc924c413adcb11ebc1d013c3c6faa033ec8445cbde63b7a3de9863abe9f248ebe5753943e6ac1693d895d76bd419775bd51c59b3dea75e73cfb2e0e3da63a8ebe856be1bc5805fa3d1517b0beff4043be533bbd3d135c8f3d8e21113e0360ffbdd463b6bdd3a3f63b355a01be5b61053f0811ab3f2b94093f0c4b0ebef9d23a3c3febb1bdaf3e00beb28f123ee3ed903d95a4c83d074e38bef0e4b2beecced13d80ace5bc55e88bbe8f001e3dbeb6f43ce22f973d182975bd5ec984bd0673573df34f8b3e5b6383be27b82ebe2bd26b3d62b64abda408f13db901173caa9007bc8898273b8feea7bcec8f54be35590e3ef66f123d0341e23da99ff43df257abbd5cf78e3cc2a7a6bd22f413bd962242bc87d50e3ef8bf41bd0c1782babb7b44bd253c2bbdbf8521bd0c4918bd3991853d76c5f2bbdef15d3d4e7ee7bb5f65d8bc8a1e393c0f506cbbe57cbd3c5a7b1b3c54012fbc0262253d150201bd35498e3b738c88bc000000000000000000000000
286bdbbca6c9d73b1b83acbcdfee033d48f3e9b990fb6f3b0d778f3c39cb823c628e733cb7dac8bcb0b5a0bc7819b73def9b3f3cf253e23c06e821bd9f6532bd93e534bd65d2c4bca11382bddc21b7bdfa02093e6792443d9c27f1bd25620bbe6f17d03c9ff0963b3baea63d92c6b73d172dc83d5d70163e460c9fbdfdddfaba7307c1bdd222033ef99cdc3d2403003e901441bd5946a73ce66a14be33a486be732c073e62a78b3d54b32ebe7b5d88bde28fa2bdec2ebabb3f79dfbd00ab87bed2050bbca3cb163e103384be1ff641bebed1043e97f5a53df719953ea49118be2600dbbca9d4bb3cb8da0fbde68dff3e550b8b3f1739fd3edb2d02bd45cec03cad9bcdbc955f16befa5c953ec3efa83df810043e94bb44be51e083be84a51b3e0bb138bc3aa389be7e8be5bd52872bbcf09fadbdde8383bdbaa02dbe194c8c3d754e0c3efd0589be0c6812bed506c63cdbd533bda175073e310fe43d4c4f093e0a0cc8bd56a913bb6f08a8bd95961a3edf30c23d6361b43df29ba23d45ba0bbb1307b93cf00014bec878f8bd1f4d463dc8f60f3eca63c0bd4b0c73bd82b0d5bc2a6e2abdea1126bd9c7627bd7640113dad64653c3e80b93dfba6a1bc3837bfbc8fbe063c7802cf3c99fd013c7b2b113c5037bab9a2ded73cc48183bc0a55a73a8b9bd4bc000000000000000000000000
1e91a9bc6565f6bcc21bff3c1a4b4bbc12ece53c5a58ae3b852d543ba1d61d3c0d50aa3c1f0fa5bcde90b4bcdf49253d0c1a123e31644fbd7f0c0ebd899928bd742d57bd1bb5f7bcb8c21cbdf945f4bbd612babc62c3f23dc66fb6bd59dae0bd76e03abe4c480e3ebdb3ee3d6550773d57bde73d194a9b3c791f663db14addbb6483f2bd6b22d83d21cf8d3de9371f3e1cfe453e196850bef03922be17aab2bc236f0dbe5f1c883c7aa3c03a6e54febd756291bd51e5f9bc0c27003d9913aabe02d49dbe2b71103e28769b3d681917beb5cce03c3e60ad3d1db48d3e0e23bcbd425ed6bd4b473a3d40473cbd8aa8033fe0dd863fb27c023f7edd32bd405c3b3ddeb8dcbd2031c0bd42828e3e4540ac3da8d0eb3c390f15be36019a3d9ec5103e470a9fbeb49ca7beb8cf0a3da637e4bc7b3489bd6c4502be1510d739a724693c326a0bbebcc6d2bc973120be1f3452beda9f3e3e4e341c3e5499833d6c52cc3d2a50eabd953ec8ba48025e3dd3e6b73c3e79e33d2d60823d3b42f73dfbdc0f3edd9f32be8791dcbd86b1aebd43fce83d33bda8bcda6b6fbce2bc08bd9c6108bd47c059bd52012cbda26e23bd019f4cbdc64a093e23692e3d81c5acbce6fc87bc8d91723c8417a53c3d31e9bb970c383caebdef3cd8aa91bc11761f3dd6dcfdbc1bd6b4bc000000000000000000000000
da8296bcb0e206bd0cc7163d144086bce8c0bd3cf2b0993ca4745dbc7bd5cf3c3fac2f3c7dbd1bbc0c73c7bccdc9273d7652053e918529bd263547bda1c6d6bc777b81bdc369eebcfa4415bd0c3245bc0f1cf1bcd72aed3dae98b6bd46f0cdbd685031be11ad0b3e5c6cef3de2b2893d07bddd3decc4c53c01d0593d31d7043beb20ebbd33e8d63dadc0753de8c3213ef5fd343eb8bc48be2d9523be5c28a2bcbda913be0b5f783c471e90baa8f400be452f87bd4d05e3bc758ded3cf00aa4be258a9ebed0ae0f3e16e6923de6b611be59b7f03c4e2daf3df1a58d3e6c0dc1bd062be5bded1b493dd09e26bd4e95ff3ec142883f09f2003f0b9330bd4422473ddb63ddbd1d51c0bdff118e3e8cbbab3dce82f43c236213be2588943dcaae103e5cde9dbece4ba6bebc53c03cc195f1bce4c192bdf5a8fabd1ab8cf3803339b3c46c116bedddc7bbc124426beaed047bee8253d3e4822243e9ead8a3de6e5df3ddef6eebde4b4a4bb4031683d9799a53c8a35e43de49a833dcadae33d42110c3e71403bbeec8ad2bde923c4bd5f1af63d086700bd7df890bb62432dbd60ecd7bc70547dbd4e68d2bc422c2fbdd04f34bdcf780e3e7f43283d88e4bfbcc24174bc5f61923c4139793c2d1c6cbb39a7533c02bdb03c3d002dbc8220e63cc7feecbc207ca9bc000000000000000000000000
86a3cfbcab3f773b5dd79fbcae88c13c6ae20d3b6c3e983bea7f4d3cabd5923c1f31af3c6fa2f2bcf79e97bc5910b73daa51503c82240e3d75e9fcbce17d4bbd87fcf6bc06eb06bd650c51bd3a08e1bd80da173e5fcf343dedc9edbdd9de12be9c69b43cde4210bca8cca63d663da83d7bb0c33dfa981e3e901fa6bd91c6e3baacadc9bd8587013ed4e7ed3debb9083ed84617bd8b67b33cf2700abeebe38bbe5fbc053e4847893daaea2bbe967b73bdf730a3bda09e22bc8efaf2bd449988bec3c496bc16dc1f3efb8182be5b9843becf07093e4c06983db947943e1e5c16be4609f2bc2dda083d5b4d10bd962dff3eb5bc893fb05f003f024b18bd3e26ff3c4f1cedbcb24f19bec24b953e2bcc943db6270c3e5da741bec96d82be474d1b3e202a82bcc20a87be220fefbd9ab3a2bb14f09dbd6d1078bdc0f92fbe84a28a3df67a003ecab789be64760cbee69c963c6d8421bd6089ff3d0e35ea3d5823f73da5dbbebdea6ed4b9c3fc9abd49e7193eb22fcc3d0e42aa3db6cfa93d760805bb99c9c53c6dcf08be10d8eebd62212f3d0b460f3e8c9cd4bdc5cc66bd08b3f8bca5e104bd72935abd6646e9bcf940cd3ccf132d3c888ab83d5b0482bc246d06bdfeaef33ccd9bfd3b8815b93c7ea553baad26f13ab47ef43cfa7fcbbc61742b3c801eeabc000000000000000000000000
6b1a233c17ea99bc64982b3c1dea9cbc8544343c324d59bc9c27f23c0d9419bb29394cbdca5c463d833397bcb17a813c0f7652bdba956b3dd08b2d3d38e06bbc5c0519bc747aa7bd5767ce3d7fabc83ca3184cbd3e14b23cd77535bdb3830d3e757ba1bd66c7d5bd231df4bc039c473e5b386cbc084ad7bdace389bcaee38a3d8105acbc53d7293c9a5f9abdb6d4efbd191e463e249bbc3d48d6bbbef1e4263df6a11a3e535ccebd9d6d4bbd6ff96fbc3dee133df69d563dd4bf153e8bdd9fbc49ef57be197657bdf8dc5dbe8d40523de523ec3d6a80403db8d4703d7d5e92bd1151aebdac3eaa3d221413bfea58df3e75d7f23feb8d733e0cf8c3be0f9706bd3cff2ebdb5d796bdda5bd53d0fec08bb49fffa3d091497bd51e62ebe93d4dd3d0bcb52be5d2f9dbc6a8f693d7f3d5e3d3c21673d431c81bdb7c2daba8978bfbd4323aa3e87aefebd81d0ffbeb19cfe3dfd7d153e3d1625bc612753bd6290debc2338cf39e0eda83d99860fbea2267bbd723c5ebb5184883e9905383db98d37be666984bdb9769f3d34942dbcdf222a3cb93526bdc31c433db497db3d5750d9bd96f706bd9166f2bce1bd063d21f1b63d27a448bd27be2a3c2d346ebc6a31173d70f7fdbce4fc0ebdceab713d6c0521bcb4add7bbb0277c3cbd72bbbc0751a9bbbe59d33b000000000000000000000000
3f9813bc34a7063d1ac149bc911563bd1676633d444c293cf29550bdef23a63d2f38b0bd39e0273d5e830ebc2882493c5643c3bd6892b03daa82ca3d33d19ebd78ef72bd37871f3bdfd92abd1140163ed6b68bbdb6b8493c79c1373c8568063e81432ebe3d3cb7bddc23103dd62b3e3eace2163e76c042be82ae08bd4cbdb63caa316e3c3c4ba8bdf060383ac98bf3bd94d6c43ec85c03bee616e2be661a913b5f75063efa9e31bd38536f3b73976dbd0997ce3de58f113cbd27063ea1fa85bdf2076fbe0065d83dadd1edbd70b59c3c98b2a73db948893c2d9ea53d98f799bd0d918cbd9e688e3da13824bfc659ef3e7207e93f8a019b3ed57ddcbeb7ac2cbd133a07bd9e0bafbd11485c3d3048233c8f5e2c3ecebc4e3d9669f8bd4d2abcbce90fa4be8eaf3b3d2807ef3dbc4e7d3d93b8833d846c83bc2ecd62bc775323bea6de343e85aa64bdc9d393be0c74ad3c47bd6a3e9f94f7bdf54e3fbd813c2abd3313bdbc949ca63d3fa22bbd8207debdb2d48d3dac6cfb3d3b3e893c836704be6d416dbdbb64e53dd5247abbbdd8ae3cc2a497bd240ee73d73850fbd3397c63cdf7233bd074352bd0948c43d16906e3d28e9c0bd3c5b9b3c07d1f3bb13cd013d164a60bd51c2413d8a8408bd8a2eba3b8605f23c3234d9bc4827e9bc86272a3dc3f744bc000000000000000000000000
1d4049bc5b0e213d755531bd303090bc06a9c93c4437673cfb934dbcc7be16bb8c3405bc546f83bb953c9d3bf1e33e3cd29983bdc003863db398f03da6a8bfbd4c601abdb43c95baeb16163da514673d24a024bd401b0d3c5b122e3c3117843d34bb78bdc89131bee5c2be3d493cf63d1d6a813dfea318be18820bbd3601c63d07d301bd57c64dbdfdf7fcbc5dfc88bd2ccf643e94696a3b86d6b8bee951863cb0ad2a3e4ef403be1eb72bbdf965433afdac933d2adf1f3d27f3be3db1a4523c7e1595be8d552b3d2bbc15beb1acec3beb683f3e6fe6a4bc0aca6e3db074c1bd5f50ec3a0ad856bd0362bcbeddcb8f3e6c3be13f92b5e63ee3c514bfa6d4663df732eebc499badbd4e7caf3da7e81cbc177fc73d5dc8d2bcca460dbe3f51323e2aff53beeaa7cdbd6261dd3dfb9b67bc7b2ddb3d05cb2dbd5942c0bc3bdb53bc19e3f63d081da23d912a06bf70b50fbe345bc43e3cda8abd6a71843c445db5bd0c0df83b8dcc0d3df0b3adbcae926fbe5cfa133e366f3f3ef3edde3d43810ebe0b462dbe879faa3d1e27bd3c4acb1b3a021b1dbd4b81c03db73ddd3ca574c4bc2e3056bd19eef7bd940ffe3d3153bc3ddd0585bdefc1db3b7ace5e3b5ab20b3c2a6533bd6ae1153dde3c0abda36eb13c0ffd423daad930bd5e0400bdd3bb093d3e6a3ebc000000000000000000000000
5535aabbc212e93cc1ed58bd6ca7d63c1ee50e3b5fdcf2bcca1f8a3d8a6c13bd7cf004bd41d5073d7a7040bcc5815d3c4f37a3bdaf4f043e54de6a3c40ec3ebd9e0cf2bb1d32e2bd7846dc3df6bc763da1c841bde6d03a3c3686ebbb6a52993dc0d329bdeff157beb371ac3d866b7e3edaae1fbce9c895bdffe908be8be38e3d1b96383c023792bc492e3bbd2934a3bd0bca563e1605ab3ddf39f2be497b16be24c7c63ec28612be7a0d2b3de54aadbd4506333d0a75553d8093f53d8e317ebdb9db4dbee7cfdb3dc8da26beff3ff0bd6448253ea978b4bc2d60dc3d255581bd21f165bdfab318bd6713d2bebd6da33e0d01e73f05d6023fa7bb18bf3349a63dabfdc4bdc74d78bdeeed883d2dbcc93c0c78203e7f9ff13b3f4552bee85666bdadfa4dbec43c6bbd4464473e81d9463dcc07ce3cec412abda670cabbb1aa12bedc434e3e94d8913c329bafbe72004e3d5c97803e4c7634be27f581bda0c9823cb7e9a5bb94236b3d3f76a2bc8863e8bd995a8dbc598c353e8f3a653c88f210be773c5abd7430033e925222bd31619e3c99236cbdf885213d6e47d73ded50bcbdeeab683c055ae4bc8135b43c331ccb3de9b7a7bd6a8da73ce4c850bc56492e3d2afc48bdafbce6bbec6d263d0091fcbc73366a3ca83d26bb3c12cbbc6428963c71ed8abb000000000000000000000000
