// 文档 https://github.com/hooke007/mpv_PlayKit/wiki/4_GLSL

/*
BSD 3-Clause

The main logic is based on
  https://arxiv.org/pdf/1606.01299 《RAISR: Rapid and Accurate Image Super Resolution》
Copyright (c) 2022, Intel Corporation

The embedded model weights are derived from
  https://github.com/OpenVisualCloud/Video-Super-Resolution-Library

Converted by: hooke007
License inherited from upstream
*/


//!HOOK LUMA
//!BIND HOOKED
//!BIND RAISR_LUT_1
//!SAVE RAISR_PRE
//!DESC [Intel_RAISR_x2_denoise] (Upscale)
//!WIDTH 2.0 HOOKED.w *
//!HEIGHT 2.0 HOOKED.h *
//!WHEN OUTPUT.w HOOKED.w 1.2 * > OUTPUT.h HOOKED.h 1.2 * > *
//!COMPONENTS 1

#define PATCH_SIZE 11
#define RADIUS 5
#define LUT_WIDTH 31
#define LUT_HEIGHT 864
#define QUANT_ANGLE 24
#define QUANT_STR 3
#define QUANT_COH 3
#define PIXEL_TYPES 4
#define RATIO 2.0
#define PI 3.141592653589793
#define EPS 1.192092896e-7

const float gaussian[PATCH_SIZE * PATCH_SIZE] = float[](0.0000279978, 0.0001068011, 0.0003025633, 0.0006365687, 0.0009946325, 0.0011541664, 0.0009946325, 0.0006365687, 0.0003025633, 0.0001068011, 0.0000279978, 0.0001068011, 0.0004074064, 0.0011541664, 0.0024282723, 0.0037941523, 0.0044027148, 0.0037941523, 0.0024282723, 0.0011541664, 0.0004074064, 0.0001068011, 0.0003025633, 0.0011541664, 0.0032697080, 0.0068791998, 0.0107486840, 0.0124727175, 0.0107486840, 0.0068791998, 0.0032697080, 0.0011541664, 0.0003025633, 0.0006365687, 0.0024282723, 0.0068791998, 0.0144732771, 0.0226143572, 0.0262415835, 0.0226143572, 0.0144732771, 0.0068791998, 0.0024282723, 0.0006365687, 0.0009946325, 0.0037941523, 0.0107486840, 0.0226143572, 0.0353347172, 0.0410022237, 0.0353347172, 0.0226143572, 0.0107486840, 0.0037941523, 0.0009946325, 0.0011541664, 0.0044027148, 0.0124727175, 0.0262415835, 0.0410022237, 0.0475787690, 0.0410022237, 0.0262415835, 0.0124727175, 0.0044027148, 0.0011541664, 0.0009946325, 0.0037941523, 0.0107486840, 0.0226143572, 0.0353347172, 0.0410022237, 0.0353347172, 0.0226143572, 0.0107486840, 0.0037941523, 0.0009946325, 0.0006365687, 0.0024282723, 0.0068791998, 0.0144732771, 0.0226143572, 0.0262415835, 0.0226143572, 0.0144732771, 0.0068791998, 0.0024282723, 0.0006365687, 0.0003025633, 0.0011541664, 0.0032697080, 0.0068791998, 0.0107486840, 0.0124727175, 0.0107486840, 0.0068791998, 0.0032697080, 0.0011541664, 0.0003025633, 0.0001068011, 0.0004074064, 0.0011541664, 0.0024282723, 0.0037941523, 0.0044027148, 0.0037941523, 0.0024282723, 0.0011541664, 0.0004074064, 0.0001068011, 0.0000279978, 0.0001068011, 0.0003025633, 0.0006365687, 0.0009946325, 0.0011541664, 0.0009946325, 0.0006365687, 0.0003025633, 0.0001068011, 0.0000279978);

float sampleHR(vec2 base, int di, int dj) {
    vec2 offset = vec2(float(dj), float(di)) * (1.0/RATIO) * HOOKED_pt;
    return HOOKED_tex(base + offset).x;
}

vec4 hook() {

    vec2 pos = HOOKED_pos;
    ivec2 ipos = ivec2(HOOKED_pos * HOOKED_size * RATIO);

    // Compute gradient tensor (GTWG) in HR space
    // Standard RAISR uses an 11x11 patch from the upscaled image
    vec3 abd = vec3(0.0);

    for (int i = 0; i < PATCH_SIZE; i++) {
        for (int j = 0; j < PATCH_SIZE; j++) {
            int di = i - RADIUS;
            int dj = j - RADIUS;

            // Calculate gradients using central differences on the virtual HR grid
            float left  = sampleHR(pos, di, dj - 1);
            float right = sampleHR(pos, di, dj + 1);
            float up    = sampleHR(pos, di - 1, dj);
            float down  = sampleHR(pos, di + 1, dj);

            float gx = (right - left) * 0.5;
            float gy = (down - up) * 0.5;
            float w = gaussian[i * PATCH_SIZE + j];
            abd += vec3(gx * gx, gx * gy, gy * gy) * w;
        }
    }

    // Eigenvalue decomposition
    float a = abd.x, b = abd.y, d = abd.z;
    float T = a + d;
    float D = a * d - b * b;
    float delta = sqrt(max(T * T / 4.0 - D, 0.0));
    float L1 = T / 2.0 + delta;
    float L2 = T / 2.0 - delta;
    float sqrtL1 = sqrt(L1);
    float sqrtL2 = sqrt(L2);

    // Angle quantization
    float theta = mix(mod(atan(L1 - a, b) + PI, PI), 0.0, abs(b) < EPS);
    float angle = floor(theta * float(QUANT_ANGLE) / PI);
    angle = clamp(angle, 0.0, float(QUANT_ANGLE - 1));

    // Strength quantization
    float lambda = sqrtL1;
    float strength = mix(mix(0.0, 1.0, lambda >= 0.000212), 2.0, lambda >= 0.002861);

    // Coherence quantization
    float mu = mix((sqrtL1 - sqrtL2) / (sqrtL1 + sqrtL2), 0.0, sqrtL1 + sqrtL2 < EPS);
    float coherence = mix(mix(0.0, 1.0, mu >= 0.124204), 2.0, mu >= 0.246693);

    // Compute hash key
    float hashKey = angle * float(QUANT_STR * QUANT_COH) + strength * float(QUANT_COH) + coherence;

    // Compute pixelType based on position in HR image
    int pixelType = 0;
    #if PIXEL_TYPES == 4
        pixelType = (ipos.y % 2) * 2 + (ipos.x % 2);
    #elif PIXEL_TYPES > 1
        // Fallback or future support for other patterns
        pixelType = (ipos.y % 2) * 2 + (ipos.x % 2); 
    #endif

    // LUT row index
    float lut_row = (hashKey * float(PIXEL_TYPES) + float(pixelType) + 0.5) / float(LUT_HEIGHT);

    // Apply filter
    float result = 0.0;
    for (int i = 0; i < PATCH_SIZE; i++) {
        for (int j = 0; j < PATCH_SIZE; j++) {
            int di = i - RADIUS;
            int dj = j - RADIUS;
            float pixel = sampleHR(pos, di, dj);
            int coef_idx = i * PATCH_SIZE + j;
            int lut_x = coef_idx / 4;
            int lut_c = coef_idx % 4;
            float lut_u = (float(lut_x) + 0.5) / float(LUT_WIDTH);
            vec4 w = texture(RAISR_LUT_1, vec2(lut_u, lut_row));
            float coef;
            if (lut_c == 0) coef = w.x;
            else if (lut_c == 1) coef = w.y;
            else if (lut_c == 2) coef = w.z;
            else coef = w.w;
            result += pixel * coef;
        }
    }

    result = clamp(result, 0.0, 1.0);
    return vec4(result, 0.0, 0.0, 0.0);

}

//!HOOK LUMA
//!BIND RAISR_LUT_2
//!BIND RAISR_PRE
//!DESC [Intel_RAISR_x2_denoise] (Refinement)
//!WIDTH 2.0 HOOKED.w *
//!HEIGHT 2.0 HOOKED.h *
//!COMPONENTS 1

#define PATCH_SIZE 11
#define RADIUS 5
#define LUT_WIDTH 31
#define LUT_HEIGHT 864
#define QUANT_ANGLE 24
#define QUANT_STR 3
#define QUANT_COH 3
#define PIXEL_TYPES 4
#define RATIO 2.0
#define PI 3.141592653589793
#define EPS 1.192092896e-7

const float gaussian[PATCH_SIZE * PATCH_SIZE] = float[](0.0000279978, 0.0001068011, 0.0003025633, 0.0006365687, 0.0009946325, 0.0011541664, 0.0009946325, 0.0006365687, 0.0003025633, 0.0001068011, 0.0000279978, 0.0001068011, 0.0004074064, 0.0011541664, 0.0024282723, 0.0037941523, 0.0044027148, 0.0037941523, 0.0024282723, 0.0011541664, 0.0004074064, 0.0001068011, 0.0003025633, 0.0011541664, 0.0032697080, 0.0068791998, 0.0107486840, 0.0124727175, 0.0107486840, 0.0068791998, 0.0032697080, 0.0011541664, 0.0003025633, 0.0006365687, 0.0024282723, 0.0068791998, 0.0144732771, 0.0226143572, 0.0262415835, 0.0226143572, 0.0144732771, 0.0068791998, 0.0024282723, 0.0006365687, 0.0009946325, 0.0037941523, 0.0107486840, 0.0226143572, 0.0353347172, 0.0410022237, 0.0353347172, 0.0226143572, 0.0107486840, 0.0037941523, 0.0009946325, 0.0011541664, 0.0044027148, 0.0124727175, 0.0262415835, 0.0410022237, 0.0475787690, 0.0410022237, 0.0262415835, 0.0124727175, 0.0044027148, 0.0011541664, 0.0009946325, 0.0037941523, 0.0107486840, 0.0226143572, 0.0353347172, 0.0410022237, 0.0353347172, 0.0226143572, 0.0107486840, 0.0037941523, 0.0009946325, 0.0006365687, 0.0024282723, 0.0068791998, 0.0144732771, 0.0226143572, 0.0262415835, 0.0226143572, 0.0144732771, 0.0068791998, 0.0024282723, 0.0006365687, 0.0003025633, 0.0011541664, 0.0032697080, 0.0068791998, 0.0107486840, 0.0124727175, 0.0107486840, 0.0068791998, 0.0032697080, 0.0011541664, 0.0003025633, 0.0001068011, 0.0004074064, 0.0011541664, 0.0024282723, 0.0037941523, 0.0044027148, 0.0037941523, 0.0024282723, 0.0011541664, 0.0004074064, 0.0001068011, 0.0000279978, 0.0001068011, 0.0003025633, 0.0006365687, 0.0009946325, 0.0011541664, 0.0009946325, 0.0006365687, 0.0003025633, 0.0001068011, 0.0000279978);


float sampleRef(vec2 base, int di, int dj) {
    vec2 offset = vec2(float(dj), float(di)) * RAISR_PRE_pt;
    return RAISR_PRE_tex(base + offset).x;
}

vec4 hook() {

    vec2 pos = RAISR_PRE_pos;
    ivec2 ipos = ivec2(RAISR_PRE_pos * RAISR_PRE_size);

    // Compute gradient tensor (GTWG) in HR space
    // Standard RAISR uses an 11x11 patch from the upscaled image
    vec3 abd = vec3(0.0);
    for (int i = 0; i < PATCH_SIZE; i++) {
        for (int j = 0; j < PATCH_SIZE; j++) {
            int di = i - RADIUS;
            int dj = j - RADIUS;

            // Calculate gradients using central differences on the virtual HR grid
            float left  = sampleRef(pos, di, dj - 1);
            float right = sampleRef(pos, di, dj + 1);
            float up    = sampleRef(pos, di - 1, dj);
            float down  = sampleRef(pos, di + 1, dj);
            float gx = (right - left) * 0.5;
            float gy = (down - up) * 0.5;
            float w = gaussian[i * PATCH_SIZE + j];
            abd += vec3(gx * gx, gx * gy, gy * gy) * w;
        }
    }

    // Eigenvalue decomposition
    float a = abd.x, b = abd.y, d = abd.z;
    float T = a + d;
    float D = a * d - b * b;
    float delta = sqrt(max(T * T / 4.0 - D, 0.0));
    float L1 = T / 2.0 + delta;
    float L2 = T / 2.0 - delta;
    float sqrtL1 = sqrt(L1);
    float sqrtL2 = sqrt(L2);

    // Angle quantization
    float theta = mix(mod(atan(L1 - a, b) + PI, PI), 0.0, abs(b) < EPS);
    float angle = floor(theta * float(QUANT_ANGLE) / PI);
    angle = clamp(angle, 0.0, float(QUANT_ANGLE - 1));

    // Strength quantization
    float lambda = sqrtL1;
    float strength = mix(mix(0.0, 1.0, lambda >= 0.000212), 2.0, lambda >= 0.002861);

    // Coherence quantization
    float mu = mix((sqrtL1 - sqrtL2) / (sqrtL1 + sqrtL2), 0.0, sqrtL1 + sqrtL2 < EPS);
    float coherence = mix(mix(0.0, 1.0, mu >= 0.124204), 2.0, mu >= 0.246693);

    // Compute hash key
    float hashKey = angle * float(QUANT_STR * QUANT_COH) + strength * float(QUANT_COH) + coherence;

    // Compute pixelType based on position in HR image
    int pixelType = 0;
    #if PIXEL_TYPES == 4
        pixelType = (ipos.y % 2) * 2 + (ipos.x % 2);
    #elif PIXEL_TYPES > 1
        // Fallback or future support for other patterns
        pixelType = (ipos.y % 2) * 2 + (ipos.x % 2); 
    #endif

    // LUT row index
    float lut_row = (hashKey * float(PIXEL_TYPES) + float(pixelType) + 0.5) / float(LUT_HEIGHT);

    // Apply filter
    float result = 0.0;
    for (int i = 0; i < PATCH_SIZE; i++) {
        for (int j = 0; j < PATCH_SIZE; j++) {
            int di = i - RADIUS;
            int dj = j - RADIUS;
            float pixel = sampleRef(pos, di, dj);
            int coef_idx = i * PATCH_SIZE + j;
            int lut_x = coef_idx / 4;
            int lut_c = coef_idx % 4;
            float lut_u = (float(lut_x) + 0.5) / float(LUT_WIDTH);
            vec4 w = texture(RAISR_LUT_2, vec2(lut_u, lut_row));
            float coef;
            if (lut_c == 0) coef = w.x;
            else if (lut_c == 1) coef = w.y;
            else if (lut_c == 2) coef = w.z;
            else coef = w.w;
            result += pixel * coef;
        }
    }

    result = clamp(result, 0.0, 1.0);
    return vec4(result, 0.0, 0.0, 0.0);

}

//!TEXTURE RAISR_LUT_1
//!SIZE 31 864
//!FORMAT rgba16f
//!FILTER NEAREST
7c8a6b3c60879f3bc3de033c7c63f53b3a1ae33b11669d3b2aca003c458eab3beaabec3b7158c73bfe02a13cadac813b1e6fdbbabe161a3bf23ea83babf8623b7a19e93b995c843b13e07f3a7ec9273793b0a5b83bb1e33b23cf3d3c20d50d3b1ca6943b045bd43a532d723b92e26b3b542c7a3b114b6f3bbd64863bafc144bba3a93b3cd3a2503c5b2645ba9e3d113a7157cf3b16c3fc3b3414503c93b0253c56f8c33ad5fa2f3b5f20753babc88c3cf23e283c5549983b38cee63b64b6183ca99bd73ccc7ddb3c7059bf3c8c4c8f3cf8780c3c54c75a3b78f6523c5a9b273c0888dd3a5d19053cf539d03c9a841c3df644113d5374183dbf3aa83c8a2d2d3c1e3e0d3be8bd1f3c870c873cb1bedcb97f63103c79f36a3ce79ccd3c5fa7de3c138fd73cca464e3c6086273bd75d5f3b4d5e183c7881703c007ac73b75385c3b7cfc653bf46e193cd71d463c226c0e3cec445d3be21da43b8bee8b3b78f6523c5d235d3cb99c9cbbc2aa323b87c00a3b8292893b6434db3bf0a62f3ba1208e3b07f0643b6b15033b5d88fc3bd910063c322603bb8c86843a9e3d913a5e3d933b5911823b6f43843bc1dc783b1069853b09866dba4b53ad3b5c32a83c362e063c13c8d43b4bee8d3b9225083c1132cc3bc50afa3bff15203c0c1cf63b5100843b4fda6a3c000000000000000000000000
7c8a6b3c60879f3bc3de033c7c63f53b3a1ae33b11669d3b2aca003c458eab3beaabec3b7158c73bfe02a13cadac813b1e6fdbbabe161a3bf23ea83babf8623b7a19e93b995c843b13e07f3a7ec9273793b0a5b83bb1e33b23cf3d3c20d50d3b1ca6943b045bd43a532d723b92e26b3b542c7a3b114b6f3bbd64863bafc144bba3a93b3cd3a2503c5b2645ba9e3d113a7157cf3b16c3fc3b3414503c93b0253c56f8c33ad5fa2f3b5f20753babc88c3cf23e283c5549983b38cee63b64b6183ca99bd73ccc7ddb3c7059bf3c8c4c8f3cf8780c3c54c75a3b78f6523c5a9b273c0888dd3a5d19053cf539d03c9a841c3df644113d5374183dbf3aa83c8a2d2d3c1e3e0d3be8bd1f3c870c873cb1bedcb97f63103c79f36a3ce79ccd3c5fa7de3c138fd73cca464e3c6086273bd75d5f3b4d5e183c7881703c007ac73b75385c3b7cfc653bf46e193cd71d463c226c0e3cec445d3be21da43b8bee8b3b78f6523c5d235d3cb99c9cbbc2aa323b87c00a3b8292893b6434db3bf0a62f3ba1208e3b07f0643b6b15033b5d88fc3bd910063c322603bb8c86843a9e3d913a5e3d933b5911823b6f43843bc1dc783b1069853b09866dba4b53ad3b5c32a83c362e063c13c8d43b4bee8d3b9225083c1132cc3bc50afa3bff15203c0c1cf63b5100843b4fda6a3c000000000000000000000000
7c8a6b3c60879f3bc3de033c7c63f53b3a1ae33b11669d3b2aca003c458eab3beaabec3b7158c73bfe02a13cadac813b1e6fdbbabe161a3bf23ea83babf8623b7a19e93b995c843b13e07f3a7ec9273793b0a5b83bb1e33b23cf3d3c20d50d3b1ca6943b045bd43a532d723b92e26b3b542c7a3b114b6f3bbd64863bafc144bba3a93b3cd3a2503c5b2645ba9e3d113a7157cf3b16c3fc3b3414503c93b0253c56f8c33ad5fa2f3b5f20753babc88c3cf23e283c5549983b38cee63b64b6183ca99bd73ccc7ddb3c7059bf3c8c4c8f3cf8780c3c54c75a3b78f6523c5a9b273c0888dd3a5d19053cf539d03c9a841c3df644113d5374183dbf3aa83c8a2d2d3c1e3e0d3be8bd1f3c870c873cb1bedcb97f63103c79f36a3ce79ccd3c5fa7de3c138fd73cca464e3c6086273bd75d5f3b4d5e183c7881703c007ac73b75385c3b7cfc653bf46e193cd71d463c226c0e3cec445d3be21da43b8bee8b3b78f6523c5d235d3cb99c9cbbc2aa323b87c00a3b8292893b6434db3bf0a62f3ba1208e3b07f0643b6b15033b5d88fc3bd910063c322603bb8c86843a9e3d913a5e3d933b5911823b6f43843bc1dc783b1069853b09866dba4b53ad3b5c32a83c362e063c13c8d43b4bee8d3b9225083c1132cc3bc50afa3bff15203c0c1cf63b5100843b4fda6a3c000000000000000000000000
7c8a6b3c60879f3bc3de033c7c63f53b3a1ae33b11669d3b2aca003c458eab3beaabec3b7158c73bfe02a13cadac813b1e6fdbbabe161a3bf23ea83babf8623b7a19e93b995c843b13e07f3a7ec9273793b0a5b83bb1e33b23cf3d3c20d50d3b1ca6943b045bd43a532d723b92e26b3b542c7a3b114b6f3bbd64863bafc144bba3a93b3cd3a2503c5b2645ba9e3d113a7157cf3b16c3fc3b3414503c93b0253c56f8c33ad5fa2f3b5f20753babc88c3cf23e283c5549983b38cee63b64b6183ca99bd73ccc7ddb3c7059bf3c8c4c8f3cf8780c3c54c75a3b78f6523c5a9b273c0888dd3a5d19053cf539d03c9a841c3df644113d5374183dbf3aa83c8a2d2d3c1e3e0d3be8bd1f3c870c873cb1bedcb97f63103c79f36a3ce79ccd3c5fa7de3c138fd73cca464e3c6086273bd75d5f3b4d5e183c7881703c007ac73b75385c3b7cfc653bf46e193cd71d463c226c0e3cec445d3be21da43b8bee8b3b78f6523c5d235d3cb99c9cbbc2aa323b87c00a3b8292893b6434db3bf0a62f3ba1208e3b07f0643b6b15033b5d88fc3bd910063c322603bb8c86843a9e3d913a5e3d933b5911823b6f43843bc1dc783b1069853b09866dba4b53ad3b5c32a83c362e063c13c8d43b4bee8d3b9225083c1132cc3bc50afa3bff15203c0c1cf63b5100843b4fda6a3c000000000000000000000000
8069963ce8c5173b3533e13b9a87a23ae64f0f3c8219923b0c1d873b7818c73bba3a0c3c2fb0513b9f6acc3c9db99c3bd508143ba72a98baee14523b91a49b3be1f8213ce180be3b938cafbb5045f73ab6f92fbbe84d343c21599d3bb2c0863bdb75923b36ba263c878dbfbb19b11a3c6c7ba939fa8b253b3524ff3b89aaffbb63644d3c055e6f3cc859283c202548bc6c65183cabfa3f3b10386c3c67c7303cd83b653b567dc9398b56b8bb4c998e3c630e713ccf23b2bad4f282bb9db6303c06991b3db0c0293d95ae133d7737e23bc3b4913b8858133cb2c6813cd7d2633ca3e9bb3b5501233c3a77a93c79c1133df14cc73cfe4e233dfa22a43cefb1283c501fad3b9471573c6f50983c6e4dac3ba120433b21b3bc3be043073d6113383dbde40c3d6414493ca64284bb7f0c8bba06ec633ceb9a863cabdc7bbb5ac5543a8e00963b3a7b6c3ca86e263c83a7863b722cb63bfe9b18bc5b3db83bf68a943ceaf1393c4e28b7bb3353803b27d4793b356087397e76e33bcb88b6bb92585a3c4213b6392f12a43b8e35c23b4a331c3c1afc57bbf51e273af578c6bac88a913b7584fa3ba5640b3c98360d3b16615c3ad16d983a30f3883bdeabcf3c2106ad3abcde113cf27aa13b2fbfb33ba0d5853b6364cd3b1948993bd5eacf3bcb10533b2892a33c000000000000000000000000
8069963ce8c5173b3533e13b9a87a23ae64f0f3c8219923b0c1d873b7818c73bba3a0c3c2fb0513b9f6acc3c9db99c3bd508143ba72a98baee14523b91a49b3be1f8213ce180be3b938cafbb5045f73ab6f92fbbe84d343c21599d3bb2c0863bdb75923b36ba263c878dbfbb19b11a3c6c7ba939fa8b253b3524ff3b89aaffbb63644d3c055e6f3cc859283c202548bc6c65183cabfa3f3b10386c3c67c7303cd83b653b567dc9398b56b8bb4c998e3c630e713ccf23b2bad4f282bb9db6303c06991b3db0c0293d95ae133d7737e23bc3b4913b8858133cb2c6813cd7d2633ca3e9bb3b5501233c3a77a93c79c1133df14cc73cfe4e233dfa22a43cefb1283c501fad3b9471573c6f50983c6e4dac3ba120433b21b3bc3be043073d6113383dbde40c3d6414493ca64284bb7f0c8bba06ec633ceb9a863cabdc7bbb5ac5543a8e00963b3a7b6c3ca86e263c83a7863b722cb63bfe9b18bc5b3db83bf68a943ceaf1393c4e28b7bb3353803b27d4793b356087397e76e33bcb88b6bb92585a3c4213b6392f12a43b8e35c23b4a331c3c1afc57bbf51e273af578c6bac88a913b7584fa3ba5640b3c98360d3b16615c3ad16d983a30f3883bdeabcf3c2106ad3abcde113cf27aa13b2fbfb33ba0d5853b6364cd3b1948993bd5eacf3bcb10533b2892a33c000000000000000000000000
8069963ce8c5173b3533e13b9a87a23ae64f0f3c8219923b0c1d873b7818c73bba3a0c3c2fb0513b9f6acc3c9db99c3bd508143ba72a98baee14523b91a49b3be1f8213ce180be3b938cafbb5045f73ab6f92fbbe84d343c21599d3bb2c0863bdb75923b36ba263c878dbfbb19b11a3c6c7ba939fa8b253b3524ff3b89aaffbb63644d3c055e6f3cc859283c202548bc6c65183cabfa3f3b10386c3c67c7303cd83b653b567dc9398b56b8bb4c998e3c630e713ccf23b2bad4f282bb9db6303c06991b3db0c0293d95ae133d7737e23bc3b4913b8858133cb2c6813cd7d2633ca3e9bb3b5501233c3a77a93c79c1133df14cc73cfe4e233dfa22a43cefb1283c501fad3b9471573c6f50983c6e4dac3ba120433b21b3bc3be043073d6113383dbde40c3d6414493ca64284bb7f0c8bba06ec633ceb9a863cabdc7bbb5ac5543a8e00963b3a7b6c3ca86e263c83a7863b722cb63bfe9b18bc5b3db83bf68a943ceaf1393c4e28b7bb3353803b27d4793b356087397e76e33bcb88b6bb92585a3c4213b6392f12a43b8e35c23b4a331c3c1afc57bbf51e273af578c6bac88a913b7584fa3ba5640b3c98360d3b16615c3ad16d983a30f3883bdeabcf3c2106ad3abcde113cf27aa13b2fbfb33ba0d5853b6364cd3b1948993bd5eacf3bcb10533b2892a33c000000000000000000000000
8069963ce8c5173b3533e13b9a87a23ae64f0f3c8219923b0c1d873b7818c73bba3a0c3c2fb0513b9f6acc3c9db99c3bd508143ba72a98baee14523b91a49b3be1f8213ce180be3b938cafbb5045f73ab6f92fbbe84d343c21599d3bb2c0863bdb75923b36ba263c878dbfbb19b11a3c6c7ba939fa8b253b3524ff3b89aaffbb63644d3c055e6f3cc859283c202548bc6c65183cabfa3f3b10386c3c67c7303cd83b653b567dc9398b56b8bb4c998e3c630e713ccf23b2bad4f282bb9db6303c06991b3db0c0293d95ae133d7737e23bc3b4913b8858133cb2c6813cd7d2633ca3e9bb3b5501233c3a77a93c79c1133df14cc73cfe4e233dfa22a43cefb1283c501fad3b9471573c6f50983c6e4dac3ba120433b21b3bc3be043073d6113383dbde40c3d6414493ca64284bb7f0c8bba06ec633ceb9a863cabdc7bbb5ac5543a8e00963b3a7b6c3ca86e263c83a7863b722cb63bfe9b18bc5b3db83bf68a943ceaf1393c4e28b7bb3353803b27d4793b356087397e76e33bcb88b6bb92585a3c4213b6392f12a43b8e35c23b4a331c3c1afc57bbf51e273af578c6bac88a913b7584fa3ba5640b3c98360d3b16615c3ad16d983a30f3883bdeabcf3c2106ad3abcde113cf27aa13b2fbfb33ba0d5853b6364cd3b1948993bd5eacf3bcb10533b2892a33c000000000000000000000000
db72c53c935ad73b8077a23bdcd0a93bc099bf3a14958a3b65efe23b6e71c93bde2c733bc0f37c3b1721073dd783ad3c48840a3b4604173caf0f293c4be2df3aadb60a3c4604173c00bcdc3a2bf60d3c116ece3bbfd9c53cf9f5be3c8f7076bcc2410e3ab37f533c6793803b2045093cc0c11a3c3325933b1e733abc755b11bcd84e2a3c80a3ae3b629869bc0f3d0bbc75c72338b944eb3c5eece93bce24f5b9c2418eba264cb3bbc645a6bbe698d33cd50b923c101ae73a475b29bc8800e53a48f0613dbc8ed53cf088133d9de1743b0f3d0bbbd50b12bc8acded3c9445573c9cd9923ab46a533c38a8183cb3aa143dc798873c4ea31a3d84e74c3c922d453cb43b9c3bc61d4b3cee7ccf3c7e7947bbc64526bbfb38d73ac096143d4c76cd3c515a623d31a59fbb2bfabebbd8a18b3a4002a43cb9accc3cea950fbc73f87fbb76a0cebb0cebc8bae9d8403cfa95b53c3a53923be7bd03bc40ec1dbc17410a3b1a85283c62effbbb508fe5bb0e185b3b2b54fc3bcd61503c54bbd83be57e1c3c5cbf57ba8eaf76bc7053d23c87c5a43c259d083c93a9873b8c50023b45c2043c548f4c3c6cf2db391e850f3c080f0c3c854d893b7150a73ce461c43c6969803b8caef03ad3516e3b50e2463b636ab83b761f3c3b020d993b2ffdd03ba6b3113c94e4c73c000000000000000000000000
db72c53c935ad73b8077a23bdcd0a93bc099bf3a14958a3b65efe23b6e71c93bde2c733bc0f37c3b1721073dd783ad3c48840a3b4604173caf0f293c4be2df3aadb60a3c4604173c00bcdc3a2bf60d3c116ece3bbfd9c53cf9f5be3c8f7076bcc2410e3ab37f533c6793803b2045093cc0c11a3c3325933b1e733abc755b11bcd84e2a3c80a3ae3b629869bc0f3d0bbc75c72338b944eb3c5eece93bce24f5b9c2418eba264cb3bbc645a6bbe698d33cd50b923c101ae73a475b29bc8800e53a48f0613dbc8ed53cf088133d9de1743b0f3d0bbbd50b12bc8acded3c9445573c9cd9923ab46a533c38a8183cb3aa143dc798873c4ea31a3d84e74c3c922d453cb43b9c3bc61d4b3cee7ccf3c7e7947bbc64526bbfb38d73ac096143d4c76cd3c515a623d31a59fbb2bfabebbd8a18b3a4002a43cb9accc3cea950fbc73f87fbb76a0cebb0cebc8bae9d8403cfa95b53c3a53923be7bd03bc40ec1dbc17410a3b1a85283c62effbbb508fe5bb0e185b3b2b54fc3bcd61503c54bbd83be57e1c3c5cbf57ba8eaf76bc7053d23c87c5a43c259d083c93a9873b8c50023b45c2043c548f4c3c6cf2db391e850f3c080f0c3c854d893b7150a73ce461c43c6969803b8caef03ad3516e3b50e2463b636ab83b761f3c3b020d993b2ffdd03ba6b3113c94e4c73c000000000000000000000000
db72c53c935ad73b8077a23bdcd0a93bc099bf3a14958a3b65efe23b6e71c93bde2c733bc0f37c3b1721073dd783ad3c48840a3b4604173caf0f293c4be2df3aadb60a3c4604173c00bcdc3a2bf60d3c116ece3bbfd9c53cf9f5be3c8f7076bcc2410e3ab37f533c6793803b2045093cc0c11a3c3325933b1e733abc755b11bcd84e2a3c80a3ae3b629869bc0f3d0bbc75c72338b944eb3c5eece93bce24f5b9c2418eba264cb3bbc645a6bbe698d33cd50b923c101ae73a475b29bc8800e53a48f0613dbc8ed53cf088133d9de1743b0f3d0bbbd50b12bc8acded3c9445573c9cd9923ab46a533c38a8183cb3aa143dc798873c4ea31a3d84e74c3c922d453cb43b9c3bc61d4b3cee7ccf3c7e7947bbc64526bbfb38d73ac096143d4c76cd3c515a623d31a59fbb2bfabebbd8a18b3a4002a43cb9accc3cea950fbc73f87fbb76a0cebb0cebc8bae9d8403cfa95b53c3a53923be7bd03bc40ec1dbc17410a3b1a85283c62effbbb508fe5bb0e185b3b2b54fc3bcd61503c54bbd83be57e1c3c5cbf57ba8eaf76bc7053d23c87c5a43c259d083c93a9873b8c50023b45c2043c548f4c3c6cf2db391e850f3c080f0c3c854d893b7150a73ce461c43c6969803b8caef03ad3516e3b50e2463b636ab83b761f3c3b020d993b2ffdd03ba6b3113c94e4c73c000000000000000000000000
db72c53c935ad73b8077a23bdcd0a93bc099bf3a14958a3b65efe23b6e71c93bde2c733bc0f37c3b1721073dd783ad3c48840a3b4604173caf0f293c4be2df3aadb60a3c4604173c00bcdc3a2bf60d3c116ece3bbfd9c53cf9f5be3c8f7076bcc2410e3ab37f533c6793803b2045093cc0c11a3c3325933b1e733abc755b11bcd84e2a3c80a3ae3b629869bc0f3d0bbc75c72338b944eb3c5eece93bce24f5b9c2418eba264cb3bbc645a6bbe698d33cd50b923c101ae73a475b29bc8800e53a48f0613dbc8ed53cf088133d9de1743b0f3d0bbbd50b12bc8acded3c9445573c9cd9923ab46a533c38a8183cb3aa143dc798873c4ea31a3d84e74c3c922d453cb43b9c3bc61d4b3cee7ccf3c7e7947bbc64526bbfb38d73ac096143d4c76cd3c515a623d31a59fbb2bfabebbd8a18b3a4002a43cb9accc3cea950fbc73f87fbb76a0cebb0cebc8bae9d8403cfa95b53c3a53923be7bd03bc40ec1dbc17410a3b1a85283c62effbbb508fe5bb0e185b3b2b54fc3bcd61503c54bbd83be57e1c3c5cbf57ba8eaf76bc7053d23c87c5a43c259d083c93a9873b8c50023b45c2043c548f4c3c6cf2db391e850f3c080f0c3c854d893b7150a73ce461c43c6969803b8caef03ad3516e3b50e2463b636ab83b761f3c3b020d993b2ffdd03ba6b3113c94e4c73c000000000000000000000000
d65d1bb8129ac2bac9e43cbbb03d88bbdfb5f13a244a073b7b03c63b5c5a5aba031652bb548dfbba90d423bb51ec70bba1ee0cba65b2593b5202be3b69de903bab26513ca830853b93aaa33b41dddf3a9baceb39129a5f39d55db8bafe5e403b9dc238b9970bc4bb0842093b3fc7d83b409d9e3b2a0c8ebbb07271b9fee9093bd9fec23adeb537393e3c9b3bf506c1baacd1663b625c913bc819ec3c2f2d613aae67083b3910aa381f1e963a5f7b1c3be3565f3bfd3e2e3ccb7ad2ba94b598bb288e4e3d5544c83db599143dcfe690bb55a32b3c80afe23b9154cf3b3319113ca404313c52d7533ca314ba3c67bcb53d7e58013e4bfcb43d41cdb93c764c513cbe212f3cf551033c0280d93b7015eb3b5c9a273cecb953bb5f9b113dbe69c93d14504d3d320e9cbb07b7dcbab73f333c153b303bb1883e3b0100913aedc48eb7c64efe3afbbdd23ac3fde63ce4ac963ba58f6e3bb83fedbaf2f09c3b0ce3b0b9a163fd3a34e41b3b32ce4e39f93295bb90c9ae3b764cd13b121a173b792dc6bb814504b960862e3b0ce3eaba936a9c39b83fed39bf0ccc3a5839a43baddc843b280b5e3caff27f3b7dd9c53b845b283b8912003989078bbbbf81e5bac64efeba094243bb41dda5b99ed8bf3bbef6fe3aa163fd3a517780bb118f4dbbab46a9ba90c92eba000000000000000000000000
d65d1bb8129ac2bac9e43cbbb03d88bbdfb5f13a244a073b7b03c63b5c5a5aba031652bb548dfbba90d423bb51ec70bba1ee0cba65b2593b5202be3b69de903bab26513ca830853b93aaa33b41dddf3a9baceb39129a5f39d55db8bafe5e403b9dc238b9970bc4bb0842093b3fc7d83b409d9e3b2a0c8ebbb07271b9fee9093bd9fec23adeb537393e3c9b3bf506c1baacd1663b625c913bc819ec3c2f2d613aae67083b3910aa381f1e963a5f7b1c3be3565f3bfd3e2e3ccb7ad2ba94b598bb288e4e3d5544c83db599143dcfe690bb55a32b3c80afe23b9154cf3b3319113ca404313c52d7533ca314ba3c67bcb53d7e58013e4bfcb43d41cdb93c764c513cbe212f3cf551033c0280d93b7015eb3b5c9a273cecb953bb5f9b113dbe69c93d14504d3d320e9cbb07b7dcbab73f333c153b303bb1883e3b0100913aedc48eb7c64efe3afbbdd23ac3fde63ce4ac963ba58f6e3bb83fedbaf2f09c3b0ce3b0b9a163fd3a34e41b3b32ce4e39f93295bb90c9ae3b764cd13b121a173b792dc6bb814504b960862e3b0ce3eaba936a9c39b83fed39bf0ccc3a5839a43baddc843b280b5e3caff27f3b7dd9c53b845b283b8912003989078bbbbf81e5bac64efeba094243bb41dda5b99ed8bf3bbef6fe3aa163fd3a517780bb118f4dbbab46a9ba90c92eba000000000000000000000000
d65d1bb8129ac2bac9e43cbbb03d88bbdfb5f13a244a073b7b03c63b5c5a5aba031652bb548dfbba90d423bb51ec70bba1ee0cba65b2593b5202be3b69de903bab26513ca830853b93aaa33b41dddf3a9baceb39129a5f39d55db8bafe5e403b9dc238b9970bc4bb0842093b3fc7d83b409d9e3b2a0c8ebbb07271b9fee9093bd9fec23adeb537393e3c9b3bf506c1baacd1663b625c913bc819ec3c2f2d613aae67083b3910aa381f1e963a5f7b1c3be3565f3bfd3e2e3ccb7ad2ba94b598bb288e4e3d5544c83db599143dcfe690bb55a32b3c80afe23b9154cf3b3319113ca404313c52d7533ca314ba3c67bcb53d7e58013e4bfcb43d41cdb93c764c513cbe212f3cf551033c0280d93b7015eb3b5c9a273cecb953bb5f9b113dbe69c93d14504d3d320e9cbb07b7dcbab73f333c153b303bb1883e3b0100913aedc48eb7c64efe3afbbdd23ac3fde63ce4ac963ba58f6e3bb83fedbaf2f09c3b0ce3b0b9a163fd3a34e41b3b32ce4e39f93295bb90c9ae3b764cd13b121a173b792dc6bb814504b960862e3b0ce3eaba936a9c39b83fed39bf0ccc3a5839a43baddc843b280b5e3caff27f3b7dd9c53b845b283b8912003989078bbbbf81e5bac64efeba094243bb41dda5b99ed8bf3bbef6fe3aa163fd3a517780bb118f4dbbab46a9ba90c92eba000000000000000000000000
d65d1bb8129ac2bac9e43cbbb03d88bbdfb5f13a244a073b7b03c63b5c5a5aba031652bb548dfbba90d423bb51ec70bba1ee0cba65b2593b5202be3b69de903bab26513ca830853b93aaa33b41dddf3a9baceb39129a5f39d55db8bafe5e403b9dc238b9970bc4bb0842093b3fc7d83b409d9e3b2a0c8ebbb07271b9fee9093bd9fec23adeb537393e3c9b3bf506c1baacd1663b625c913bc819ec3c2f2d613aae67083b3910aa381f1e963a5f7b1c3be3565f3bfd3e2e3ccb7ad2ba94b598bb288e4e3d5544c83db599143dcfe690bb55a32b3c80afe23b9154cf3b3319113ca404313c52d7533ca314ba3c67bcb53d7e58013e4bfcb43d41cdb93c764c513cbe212f3cf551033c0280d93b7015eb3b5c9a273cecb953bb5f9b113dbe69c93d14504d3d320e9cbb07b7dcbab73f333c153b303bb1883e3b0100913aedc48eb7c64efe3afbbdd23ac3fde63ce4ac963ba58f6e3bb83fedbaf2f09c3b0ce3b0b9a163fd3a34e41b3b32ce4e39f93295bb90c9ae3b764cd13b121a173b792dc6bb814504b960862e3b0ce3eaba936a9c39b83fed39bf0ccc3a5839a43baddc843b280b5e3caff27f3b7dd9c53b845b283b8912003989078bbbbf81e5bac64efeba094243bb41dda5b99ed8bf3bbef6fe3aa163fd3a517780bb118f4dbbab46a9ba90c92eba000000000000000000000000
3385a93a70c7a1ba1de77cbbe4ac5dbb6e4687ba2a3503ba8b8a0f3b10190ebbf59866bb9d3000bb86a894ba10198ebb97812ebabb71363b8f1b473bb5c2643b2717e93b723d023cd9fb563b528399ba26074c3b0e8584bac4d44bbb9aff763bf588c9367119b5bb0a6abc3a52d6fc3b91acfe3a60ebb5bb9915b83a75f2063bd657b0b7b920f3ba1c30e73b0a8a76bb15cc013cb8038b3b8121c43cdbd4a83b31fe6a3ba593953a6e33183982effc3b5e9e053c8808343c2c0c533b22bcacbb6b68493dcd71c43de26cf83cc9c6e33991585a3c3978023c72f3563c4ac98d3cb9fd663c907a843ce7c2b03c8a13a23d68e5e93da274a23db9ddac3c8954823cd633633c7d908c3c896a643ca986fd3b87d65a3c693e2e39a14dfa3c3565c43d6ad4483d70eaadbb5b06693b2da32e3cf008ff3b02b3023ce14184b80a6abc3ad6776a3b1c10ad3b9212c23ca7d58b3be7ed033c792d89bba628ef3b446115bb49661c3a7af1e93a7e3fdb3a59b7a7bb8916c03a9bc9fb3b9f17ed3a4ee0c2bb92599bb8e91c8b3bb94581bbbd284cba43943e3b67ca5eba3977413b63c4073c5c48df3be0b7733b106f433b14771c3b429710ba092b98bbd8fe28ba5f41ebba4a3d6cbbdab2ecbae20b093bd80bf4b9ae1665ba56ee72bb3f566abbf073a5ba36396d3a000000000000000000000000
3385a93a70c7a1ba1de77cbbe4ac5dbb6e4687ba2a3503ba8b8a0f3b10190ebbf59866bb9d3000bb86a894ba10198ebb97812ebabb71363b8f1b473bb5c2643b2717e93b723d023cd9fb563b528399ba26074c3b0e8584bac4d44bbb9aff763bf588c9367119b5bb0a6abc3a52d6fc3b91acfe3a60ebb5bb9915b83a75f2063bd657b0b7b920f3ba1c30e73b0a8a76bb15cc013cb8038b3b8121c43cdbd4a83b31fe6a3ba593953a6e33183982effc3b5e9e053c8808343c2c0c533b22bcacbb6b68493dcd71c43de26cf83cc9c6e33991585a3c3978023c72f3563c4ac98d3cb9fd663c907a843ce7c2b03c8a13a23d68e5e93da274a23db9ddac3c8954823cd633633c7d908c3c896a643ca986fd3b87d65a3c693e2e39a14dfa3c3565c43d6ad4483d70eaadbb5b06693b2da32e3cf008ff3b02b3023ce14184b80a6abc3ad6776a3b1c10ad3b9212c23ca7d58b3be7ed033c792d89bba628ef3b446115bb49661c3a7af1e93a7e3fdb3a59b7a7bb8916c03a9bc9fb3b9f17ed3a4ee0c2bb92599bb8e91c8b3bb94581bbbd284cba43943e3b67ca5eba3977413b63c4073c5c48df3be0b7733b106f433b14771c3b429710ba092b98bbd8fe28ba5f41ebba4a3d6cbbdab2ecbae20b093bd80bf4b9ae1665ba56ee72bb3f566abbf073a5ba36396d3a000000000000000000000000
3385a93a70c7a1ba1de77cbbe4ac5dbb6e4687ba2a3503ba8b8a0f3b10190ebbf59866bb9d3000bb86a894ba10198ebb97812ebabb71363b8f1b473bb5c2643b2717e93b723d023cd9fb563b528399ba26074c3b0e8584bac4d44bbb9aff763bf588c9367119b5bb0a6abc3a52d6fc3b91acfe3a60ebb5bb9915b83a75f2063bd657b0b7b920f3ba1c30e73b0a8a76bb15cc013cb8038b3b8121c43cdbd4a83b31fe6a3ba593953a6e33183982effc3b5e9e053c8808343c2c0c533b22bcacbb6b68493dcd71c43de26cf83cc9c6e33991585a3c3978023c72f3563c4ac98d3cb9fd663c907a843ce7c2b03c8a13a23d68e5e93da274a23db9ddac3c8954823cd633633c7d908c3c896a643ca986fd3b87d65a3c693e2e39a14dfa3c3565c43d6ad4483d70eaadbb5b06693b2da32e3cf008ff3b02b3023ce14184b80a6abc3ad6776a3b1c10ad3b9212c23ca7d58b3be7ed033c792d89bba628ef3b446115bb49661c3a7af1e93a7e3fdb3a59b7a7bb8916c03a9bc9fb3b9f17ed3a4ee0c2bb92599bb8e91c8b3bb94581bbbd284cba43943e3b67ca5eba3977413b63c4073c5c48df3be0b7733b106f433b14771c3b429710ba092b98bbd8fe28ba5f41ebba4a3d6cbbdab2ecbae20b093bd80bf4b9ae1665ba56ee72bb3f566abbf073a5ba36396d3a000000000000000000000000
3385a93a70c7a1ba1de77cbbe4ac5dbb6e4687ba2a3503ba8b8a0f3b10190ebbf59866bb9d3000bb86a894ba10198ebb97812ebabb71363b8f1b473bb5c2643b2717e93b723d023cd9fb563b528399ba26074c3b0e8584bac4d44bbb9aff763bf588c9367119b5bb0a6abc3a52d6fc3b91acfe3a60ebb5bb9915b83a75f2063bd657b0b7b920f3ba1c30e73b0a8a76bb15cc013cb8038b3b8121c43cdbd4a83b31fe6a3ba593953a6e33183982effc3b5e9e053c8808343c2c0c533b22bcacbb6b68493dcd71c43de26cf83cc9c6e33991585a3c3978023c72f3563c4ac98d3cb9fd663c907a843ce7c2b03c8a13a23d68e5e93da274a23db9ddac3c8954823cd633633c7d908c3c896a643ca986fd3b87d65a3c693e2e39a14dfa3c3565c43d6ad4483d70eaadbb5b06693b2da32e3cf008ff3b02b3023ce14184b80a6abc3ad6776a3b1c10ad3b9212c23ca7d58b3be7ed033c792d89bba628ef3b446115bb49661c3a7af1e93a7e3fdb3a59b7a7bb8916c03a9bc9fb3b9f17ed3a4ee0c2bb92599bb8e91c8b3bb94581bbbd284cba43943e3b67ca5eba3977413b63c4073c5c48df3be0b7733b106f433b14771c3b429710ba092b98bbd8fe28ba5f41ebba4a3d6cbbdab2ecbae20b093bd80bf4b9ae1665ba56ee72bb3f566abbf073a5ba36396d3a000000000000000000000000
6dd4223baf8993ba7eee933a8fcc70bba21474bb64431839362a2b3a5f4fbbba5bc2d5bb06b26a3a58389f3a94c0cdbb94a5323b83bc02bbe380373a88b1c23b89d06f3b88941e3c24f2ef39ccb621baf996293b4e941dbb80026ebcc08e043c54669ebb84c177bb26643abbf5c21f3cf6ebf9380f33adbb214a6fbb109aa4ba84ec1dbc16ba0abc4985a53bcb62a1bbca293c3b1780ff3b98dfa53c4104e33bd043073ba0fc07babdf030ba2051b03be24b643c24f3153c7c47f63bf0fa4bbb3d8a403d85a1b53d8769f83c86518c3a5c749b3cdd53f53aa7d90f3dbd283c3de389813c8e96ba3c930da53cf2c5a33d88dcd73d7af0a33d0af5a73c2410ba3ca2cf833ccc5c3a3d62170f3d373af33a59e19a3c400fb63a7660f53c7195b53d3ec9403d88744bbb4c25023ca391113cf6fa5e3c227fc23bd9d162ba1f1439ba54901e3bd294d83b609fa93c4845ff3bd14b2b3b6f28a3bb3d7aac3b010b10bc4d401dbc3ae5a2bacc8560bbdec5bfbb804a383aa5bb113c2c603bbb7eea81bbcb5e8fbbb218023c6ca773bce4cc13bba713243ba7002dba20730c3ae9ca1d3c45c77e3b484cc03bad2a403a6bb907bb302e2a3bdb0edabbb1d2c03a520b5d3a0a7cc7bb50c2afbad9abf43990eaba3962d971bbbdd266bb8a0c843afe4e72ba242e043b000000000000000000000000
6dd4223baf8993ba7eee933a8fcc70bba21474bb64431839362a2b3a5f4fbbba5bc2d5bb06b26a3a58389f3a94c0cdbb94a5323b83bc02bbe380373a88b1c23b89d06f3b88941e3c24f2ef39ccb621baf996293b4e941dbb80026ebcc08e043c54669ebb84c177bb26643abbf5c21f3cf6ebf9380f33adbb214a6fbb109aa4ba84ec1dbc16ba0abc4985a53bcb62a1bbca293c3b1780ff3b98dfa53c4104e33bd043073ba0fc07babdf030ba2051b03be24b643c24f3153c7c47f63bf0fa4bbb3d8a403d85a1b53d8769f83c86518c3a5c749b3cdd53f53aa7d90f3dbd283c3de389813c8e96ba3c930da53cf2c5a33d88dcd73d7af0a33d0af5a73c2410ba3ca2cf833ccc5c3a3d62170f3d373af33a59e19a3c400fb63a7660f53c7195b53d3ec9403d88744bbb4c25023ca391113cf6fa5e3c227fc23bd9d162ba1f1439ba54901e3bd294d83b609fa93c4845ff3bd14b2b3b6f28a3bb3d7aac3b010b10bc4d401dbc3ae5a2bacc8560bbdec5bfbb804a383aa5bb113c2c603bbb7eea81bbcb5e8fbbb218023c6ca773bce4cc13bba713243ba7002dba20730c3ae9ca1d3c45c77e3b484cc03bad2a403a6bb907bb302e2a3bdb0edabbb1d2c03a520b5d3a0a7cc7bb50c2afbad9abf43990eaba3962d971bbbdd266bb8a0c843afe4e72ba242e043b000000000000000000000000
6dd4223baf8993ba7eee933a8fcc70bba21474bb64431839362a2b3a5f4fbbba5bc2d5bb06b26a3a58389f3a94c0cdbb94a5323b83bc02bbe380373a88b1c23b89d06f3b88941e3c24f2ef39ccb621baf996293b4e941dbb80026ebcc08e043c54669ebb84c177bb26643abbf5c21f3cf6ebf9380f33adbb214a6fbb109aa4ba84ec1dbc16ba0abc4985a53bcb62a1bbca293c3b1780ff3b98dfa53c4104e33bd043073ba0fc07babdf030ba2051b03be24b643c24f3153c7c47f63bf0fa4bbb3d8a403d85a1b53d8769f83c86518c3a5c749b3cdd53f53aa7d90f3dbd283c3de389813c8e96ba3c930da53cf2c5a33d88dcd73d7af0a33d0af5a73c2410ba3ca2cf833ccc5c3a3d62170f3d373af33a59e19a3c400fb63a7660f53c7195b53d3ec9403d88744bbb4c25023ca391113cf6fa5e3c227fc23bd9d162ba1f1439ba54901e3bd294d83b609fa93c4845ff3bd14b2b3b6f28a3bb3d7aac3b010b10bc4d401dbc3ae5a2bacc8560bbdec5bfbb804a383aa5bb113c2c603bbb7eea81bbcb5e8fbbb218023c6ca773bce4cc13bba713243ba7002dba20730c3ae9ca1d3c45c77e3b484cc03bad2a403a6bb907bb302e2a3bdb0edabbb1d2c03a520b5d3a0a7cc7bb50c2afbad9abf43990eaba3962d971bbbdd266bb8a0c843afe4e72ba242e043b000000000000000000000000
6dd4223baf8993ba7eee933a8fcc70bba21474bb64431839362a2b3a5f4fbbba5bc2d5bb06b26a3a58389f3a94c0cdbb94a5323b83bc02bbe380373a88b1c23b89d06f3b88941e3c24f2ef39ccb621baf996293b4e941dbb80026ebcc08e043c54669ebb84c177bb26643abbf5c21f3cf6ebf9380f33adbb214a6fbb109aa4ba84ec1dbc16ba0abc4985a53bcb62a1bbca293c3b1780ff3b98dfa53c4104e33bd043073ba0fc07babdf030ba2051b03be24b643c24f3153c7c47f63bf0fa4bbb3d8a403d85a1b53d8769f83c86518c3a5c749b3cdd53f53aa7d90f3dbd283c3de389813c8e96ba3c930da53cf2c5a33d88dcd73d7af0a33d0af5a73c2410ba3ca2cf833ccc5c3a3d62170f3d373af33a59e19a3c400fb63a7660f53c7195b53d3ec9403d88744bbb4c25023ca391113cf6fa5e3c227fc23bd9d162ba1f1439ba54901e3bd294d83b609fa93c4845ff3bd14b2b3b6f28a3bb3d7aac3b010b10bc4d401dbc3ae5a2bacc8560bbdec5bfbb804a383aa5bb113c2c603bbb7eea81bbcb5e8fbbb218023c6ca773bce4cc13bba713243ba7002dba20730c3ae9ca1d3c45c77e3b484cc03bad2a403a6bb907bb302e2a3bdb0edabbb1d2c03a520b5d3a0a7cc7bb50c2afbad9abf43990eaba3962d971bbbdd266bb8a0c843afe4e72ba242e043b000000000000000000000000
31ddd43b109d5cbb900489bb756601bceb0157badd71033b62039fbb3b5763bb594eddbbb42499bb5c57993b941acebbc2e87e3b648e413c7b704f3c6670bb3a644d763cb44c343cad756f3ce8b8583c9e78383bfce728bbb044813a96f44d3c796e343c628829bc71a60a3cf6b698bb6b9f30bbb83a5ebc9ff9453cde2ed63bc436833b4d0788bb2e23f63a13775cbcfc3022bd9dc4a3bd92e98ebcdc8086bd63ff55bd51b863bc0180043c080be0bb28b43ebc10c17a3c0d3ad5bb9c7d8cbd3225a93ca22d6a3e90eae73cdd7b4cbdefa1acbc5edebe3a9ba2353b965d343c2345873c2fdb393b02e0e7bc0dbc603eb8ef2f3f1a3c603ec4a9e6bcf82b2f3bbb39853c9b9e383c84f6543be5beb73a11daaabc03774dbda102ea3c078e693edf76aa3c95458dbdd1e8d9bb78cc7c3c274540bc0006e8bb399e0d3c4c896ebc8c8851bdc4d888bdcfa988bcccf7a3bd86e320bd9c4364bc09361f3b9b0b9cbbea3c8a3bbfc2c53b90404e3cf1c765bcac150cbb0948aebb0d6d0e3c816f2fbc26493d3cdadf3f3c5203c43a8ae722bb42d5353b6db35a3c21c76d3ce907363c15067c3c19f1b13ad4b04a3cedd1413c7d0a8d3bc7f3d5bbe5158f3bdb1891bbaf3de0bb81ad56bbb787a0bbcd9fdb3a2b2955ba2e23f6bba6d487bb2a677cbb2ab6d93b000000000000000000000000
31ddd43b109d5cbb900489bb756601bceb0157badd71033b62039fbb3b5763bb594eddbbb42499bb5c57993b941acebbc2e87e3b648e413c7b704f3c6670bb3a644d763cb44c343cad756f3ce8b8583c9e78383bfce728bbb044813a96f44d3c796e343c628829bc71a60a3cf6b698bb6b9f30bbb83a5ebc9ff9453cde2ed63bc436833b4d0788bb2e23f63a13775cbcfc3022bd9dc4a3bd92e98ebcdc8086bd63ff55bd51b863bc0180043c080be0bb28b43ebc10c17a3c0d3ad5bb9c7d8cbd3225a93ca22d6a3e90eae73cdd7b4cbdefa1acbc5edebe3a9ba2353b965d343c2345873c2fdb393b02e0e7bc0dbc603eb8ef2f3f1a3c603ec4a9e6bcf82b2f3bbb39853c9b9e383c84f6543be5beb73a11daaabc03774dbda102ea3c078e693edf76aa3c95458dbdd1e8d9bb78cc7c3c274540bc0006e8bb399e0d3c4c896ebc8c8851bdc4d888bdcfa988bcccf7a3bd86e320bd9c4364bc09361f3b9b0b9cbbea3c8a3bbfc2c53b90404e3cf1c765bcac150cbb0948aebb0d6d0e3c816f2fbc26493d3cdadf3f3c5203c43a8ae722bb42d5353b6db35a3c21c76d3ce907363c15067c3c19f1b13ad4b04a3cedd1413c7d0a8d3bc7f3d5bbe5158f3bdb1891bbaf3de0bb81ad56bbb787a0bbcd9fdb3a2b2955ba2e23f6bba6d487bb2a677cbb2ab6d93b000000000000000000000000
31ddd43b109d5cbb900489bb756601bceb0157badd71033b62039fbb3b5763bb594eddbbb42499bb5c57993b941acebbc2e87e3b648e413c7b704f3c6670bb3a644d763cb44c343cad756f3ce8b8583c9e78383bfce728bbb044813a96f44d3c796e343c628829bc71a60a3cf6b698bb6b9f30bbb83a5ebc9ff9453cde2ed63bc436833b4d0788bb2e23f63a13775cbcfc3022bd9dc4a3bd92e98ebcdc8086bd63ff55bd51b863bc0180043c080be0bb28b43ebc10c17a3c0d3ad5bb9c7d8cbd3225a93ca22d6a3e90eae73cdd7b4cbdefa1acbc5edebe3a9ba2353b965d343c2345873c2fdb393b02e0e7bc0dbc603eb8ef2f3f1a3c603ec4a9e6bcf82b2f3bbb39853c9b9e383c84f6543be5beb73a11daaabc03774dbda102ea3c078e693edf76aa3c95458dbdd1e8d9bb78cc7c3c274540bc0006e8bb399e0d3c4c896ebc8c8851bdc4d888bdcfa988bcccf7a3bd86e320bd9c4364bc09361f3b9b0b9cbbea3c8a3bbfc2c53b90404e3cf1c765bcac150cbb0948aebb0d6d0e3c816f2fbc26493d3cdadf3f3c5203c43a8ae722bb42d5353b6db35a3c21c76d3ce907363c15067c3c19f1b13ad4b04a3cedd1413c7d0a8d3bc7f3d5bbe5158f3bdb1891bbaf3de0bb81ad56bbb787a0bbcd9fdb3a2b2955ba2e23f6bba6d487bb2a677cbb2ab6d93b000000000000000000000000
31ddd43b109d5cbb900489bb756601bceb0157badd71033b62039fbb3b5763bb594eddbbb42499bb5c57993b941acebbc2e87e3b648e413c7b704f3c6670bb3a644d763cb44c343cad756f3ce8b8583c9e78383bfce728bbb044813a96f44d3c796e343c628829bc71a60a3cf6b698bb6b9f30bbb83a5ebc9ff9453cde2ed63bc436833b4d0788bb2e23f63a13775cbcfc3022bd9dc4a3bd92e98ebcdc8086bd63ff55bd51b863bc0180043c080be0bb28b43ebc10c17a3c0d3ad5bb9c7d8cbd3225a93ca22d6a3e90eae73cdd7b4cbdefa1acbc5edebe3a9ba2353b965d343c2345873c2fdb393b02e0e7bc0dbc603eb8ef2f3f1a3c603ec4a9e6bcf82b2f3bbb39853c9b9e383c84f6543be5beb73a11daaabc03774dbda102ea3c078e693edf76aa3c95458dbdd1e8d9bb78cc7c3c274540bc0006e8bb399e0d3c4c896ebc8c8851bdc4d888bdcfa988bcccf7a3bd86e320bd9c4364bc09361f3b9b0b9cbbea3c8a3bbfc2c53b90404e3cf1c765bcac150cbb0948aebb0d6d0e3c816f2fbc26493d3cdadf3f3c5203c43a8ae722bb42d5353b6db35a3c21c76d3ce907363c15067c3c19f1b13ad4b04a3cedd1413c7d0a8d3bc7f3d5bbe5158f3bdb1891bbaf3de0bb81ad56bbb787a0bbcd9fdb3a2b2955ba2e23f6bba6d487bb2a677cbb2ab6d93b000000000000000000000000
