// 文档 https://github.com/hooke007/mpv_PlayKit/wiki/4_GLSL

/*
BSD 3-Clause

The main logic is based on
  https://arxiv.org/pdf/1606.01299 《RAISR: Rapid and Accurate Image Super Resolution》
Copyright (c) 2022, Intel Corporation

The embedded model weights are derived from
  https://github.com/OpenVisualCloud/Video-Super-Resolution-Library

Converted by: hooke007
License inherited from upstream
*/


//!HOOK LUMA
//!BIND HOOKED
//!BIND RAISR_LUT_1
//!SAVE RAISR_PRE
//!DESC [Intel_RAISR_x2_highres_sharp] (Upscale)
//!WIDTH 2.0 HOOKED.w *
//!HEIGHT 2.0 HOOKED.h *
//!WHEN OUTPUT.w HOOKED.w 1.2 * > OUTPUT.h HOOKED.h 1.2 * > *
//!COMPONENTS 1

#define PATCH_SIZE 11
#define RADIUS 5
#define LUT_WIDTH 31
#define LUT_HEIGHT 864
#define QUANT_ANGLE 24
#define QUANT_STR 3
#define QUANT_COH 3
#define PIXEL_TYPES 4
#define RATIO 2.0
#define PI 3.141592653589793
#define EPS 1.192092896e-7

const float gaussian[PATCH_SIZE * PATCH_SIZE] = float[](0.0000279978, 0.0001068011, 0.0003025633, 0.0006365687, 0.0009946325, 0.0011541664, 0.0009946325, 0.0006365687, 0.0003025633, 0.0001068011, 0.0000279978, 0.0001068011, 0.0004074064, 0.0011541664, 0.0024282723, 0.0037941523, 0.0044027148, 0.0037941523, 0.0024282723, 0.0011541664, 0.0004074064, 0.0001068011, 0.0003025633, 0.0011541664, 0.0032697080, 0.0068791998, 0.0107486840, 0.0124727175, 0.0107486840, 0.0068791998, 0.0032697080, 0.0011541664, 0.0003025633, 0.0006365687, 0.0024282723, 0.0068791998, 0.0144732771, 0.0226143572, 0.0262415835, 0.0226143572, 0.0144732771, 0.0068791998, 0.0024282723, 0.0006365687, 0.0009946325, 0.0037941523, 0.0107486840, 0.0226143572, 0.0353347172, 0.0410022237, 0.0353347172, 0.0226143572, 0.0107486840, 0.0037941523, 0.0009946325, 0.0011541664, 0.0044027148, 0.0124727175, 0.0262415835, 0.0410022237, 0.0475787690, 0.0410022237, 0.0262415835, 0.0124727175, 0.0044027148, 0.0011541664, 0.0009946325, 0.0037941523, 0.0107486840, 0.0226143572, 0.0353347172, 0.0410022237, 0.0353347172, 0.0226143572, 0.0107486840, 0.0037941523, 0.0009946325, 0.0006365687, 0.0024282723, 0.0068791998, 0.0144732771, 0.0226143572, 0.0262415835, 0.0226143572, 0.0144732771, 0.0068791998, 0.0024282723, 0.0006365687, 0.0003025633, 0.0011541664, 0.0032697080, 0.0068791998, 0.0107486840, 0.0124727175, 0.0107486840, 0.0068791998, 0.0032697080, 0.0011541664, 0.0003025633, 0.0001068011, 0.0004074064, 0.0011541664, 0.0024282723, 0.0037941523, 0.0044027148, 0.0037941523, 0.0024282723, 0.0011541664, 0.0004074064, 0.0001068011, 0.0000279978, 0.0001068011, 0.0003025633, 0.0006365687, 0.0009946325, 0.0011541664, 0.0009946325, 0.0006365687, 0.0003025633, 0.0001068011, 0.0000279978);

float sampleHR(vec2 base, int di, int dj) {
    vec2 offset = vec2(float(dj), float(di)) * (1.0/RATIO) * HOOKED_pt;
    return HOOKED_tex(base + offset).x;
}

vec4 hook() {

    vec2 pos = HOOKED_pos;
    ivec2 ipos = ivec2(HOOKED_pos * HOOKED_size * RATIO);

    // Compute gradient tensor (GTWG) in HR space
    // Standard RAISR uses an 11x11 patch from the upscaled image
    vec3 abd = vec3(0.0);

    for (int i = 0; i < PATCH_SIZE; i++) {
        for (int j = 0; j < PATCH_SIZE; j++) {
            int di = i - RADIUS;
            int dj = j - RADIUS;

            // Calculate gradients using central differences on the virtual HR grid
            float left  = sampleHR(pos, di, dj - 1);
            float right = sampleHR(pos, di, dj + 1);
            float up    = sampleHR(pos, di - 1, dj);
            float down  = sampleHR(pos, di + 1, dj);

            float gx = (right - left) * 0.5;
            float gy = (down - up) * 0.5;
            float w = gaussian[i * PATCH_SIZE + j];
            abd += vec3(gx * gx, gx * gy, gy * gy) * w;
        }
    }

    // Eigenvalue decomposition
    float a = abd.x, b = abd.y, d = abd.z;
    float T = a + d;
    float D = a * d - b * b;
    float delta = sqrt(max(T * T / 4.0 - D, 0.0));
    float L1 = T / 2.0 + delta;
    float L2 = T / 2.0 - delta;
    float sqrtL1 = sqrt(L1);
    float sqrtL2 = sqrt(L2);

    // Angle quantization
    float theta = mix(mod(atan(L1 - a, b) + PI, PI), 0.0, abs(b) < EPS);
    float angle = floor(theta * float(QUANT_ANGLE) / PI);
    angle = clamp(angle, 0.0, float(QUANT_ANGLE - 1));

    // Strength quantization
    float lambda = sqrtL1;
    float strength = mix(mix(0.0, 1.0, lambda >= 0.00027), 2.0, lambda >= 0.00211);

    // Coherence quantization
    float mu = mix((sqrtL1 - sqrtL2) / (sqrtL1 + sqrtL2), 0.0, sqrtL1 + sqrtL2 < EPS);
    float coherence = mix(mix(0.0, 1.0, mu >= 0.194645), 2.0, mu >= 0.425714);

    // Compute hash key
    float hashKey = angle * float(QUANT_STR * QUANT_COH) + strength * float(QUANT_COH) + coherence;

    // Compute pixelType based on position in HR image
    int pixelType = 0;
    #if PIXEL_TYPES == 4
        pixelType = (ipos.y % 2) * 2 + (ipos.x % 2);
    #elif PIXEL_TYPES > 1
        // Fallback or future support for other patterns
        pixelType = (ipos.y % 2) * 2 + (ipos.x % 2); 
    #endif

    // LUT row index
    float lut_row = (hashKey * float(PIXEL_TYPES) + float(pixelType) + 0.5) / float(LUT_HEIGHT);

    // Apply filter
    float result = 0.0;
    for (int i = 0; i < PATCH_SIZE; i++) {
        for (int j = 0; j < PATCH_SIZE; j++) {
            int di = i - RADIUS;
            int dj = j - RADIUS;
            float pixel = sampleHR(pos, di, dj);
            int coef_idx = i * PATCH_SIZE + j;
            int lut_x = coef_idx / 4;
            int lut_c = coef_idx % 4;
            float lut_u = (float(lut_x) + 0.5) / float(LUT_WIDTH);
            vec4 w = texture(RAISR_LUT_1, vec2(lut_u, lut_row));
            float coef;
            if (lut_c == 0) coef = w.x;
            else if (lut_c == 1) coef = w.y;
            else if (lut_c == 2) coef = w.z;
            else coef = w.w;
            result += pixel * coef;
        }
    }

    result = clamp(result, 0.0, 1.0);
    return vec4(result, 0.0, 0.0, 0.0);

}

//!HOOK LUMA
//!BIND RAISR_LUT_2
//!BIND RAISR_PRE
//!DESC [Intel_RAISR_x2_highres_sharp] (Refinement)
//!WIDTH 2.0 HOOKED.w *
//!HEIGHT 2.0 HOOKED.h *
//!COMPONENTS 1

#define PATCH_SIZE 11
#define RADIUS 5
#define LUT_WIDTH 31
#define LUT_HEIGHT 864
#define QUANT_ANGLE 24
#define QUANT_STR 3
#define QUANT_COH 3
#define PIXEL_TYPES 4
#define RATIO 2.0
#define PI 3.141592653589793
#define EPS 1.192092896e-7

const float gaussian[PATCH_SIZE * PATCH_SIZE] = float[](0.0000279978, 0.0001068011, 0.0003025633, 0.0006365687, 0.0009946325, 0.0011541664, 0.0009946325, 0.0006365687, 0.0003025633, 0.0001068011, 0.0000279978, 0.0001068011, 0.0004074064, 0.0011541664, 0.0024282723, 0.0037941523, 0.0044027148, 0.0037941523, 0.0024282723, 0.0011541664, 0.0004074064, 0.0001068011, 0.0003025633, 0.0011541664, 0.0032697080, 0.0068791998, 0.0107486840, 0.0124727175, 0.0107486840, 0.0068791998, 0.0032697080, 0.0011541664, 0.0003025633, 0.0006365687, 0.0024282723, 0.0068791998, 0.0144732771, 0.0226143572, 0.0262415835, 0.0226143572, 0.0144732771, 0.0068791998, 0.0024282723, 0.0006365687, 0.0009946325, 0.0037941523, 0.0107486840, 0.0226143572, 0.0353347172, 0.0410022237, 0.0353347172, 0.0226143572, 0.0107486840, 0.0037941523, 0.0009946325, 0.0011541664, 0.0044027148, 0.0124727175, 0.0262415835, 0.0410022237, 0.0475787690, 0.0410022237, 0.0262415835, 0.0124727175, 0.0044027148, 0.0011541664, 0.0009946325, 0.0037941523, 0.0107486840, 0.0226143572, 0.0353347172, 0.0410022237, 0.0353347172, 0.0226143572, 0.0107486840, 0.0037941523, 0.0009946325, 0.0006365687, 0.0024282723, 0.0068791998, 0.0144732771, 0.0226143572, 0.0262415835, 0.0226143572, 0.0144732771, 0.0068791998, 0.0024282723, 0.0006365687, 0.0003025633, 0.0011541664, 0.0032697080, 0.0068791998, 0.0107486840, 0.0124727175, 0.0107486840, 0.0068791998, 0.0032697080, 0.0011541664, 0.0003025633, 0.0001068011, 0.0004074064, 0.0011541664, 0.0024282723, 0.0037941523, 0.0044027148, 0.0037941523, 0.0024282723, 0.0011541664, 0.0004074064, 0.0001068011, 0.0000279978, 0.0001068011, 0.0003025633, 0.0006365687, 0.0009946325, 0.0011541664, 0.0009946325, 0.0006365687, 0.0003025633, 0.0001068011, 0.0000279978);


float sampleRef(vec2 base, int di, int dj) {
    vec2 offset = vec2(float(dj), float(di)) * RAISR_PRE_pt;
    return RAISR_PRE_tex(base + offset).x;
}

vec4 hook() {

    vec2 pos = RAISR_PRE_pos;
    ivec2 ipos = ivec2(RAISR_PRE_pos * RAISR_PRE_size);

    // Compute gradient tensor (GTWG) in HR space
    // Standard RAISR uses an 11x11 patch from the upscaled image
    vec3 abd = vec3(0.0);
    for (int i = 0; i < PATCH_SIZE; i++) {
        for (int j = 0; j < PATCH_SIZE; j++) {
            int di = i - RADIUS;
            int dj = j - RADIUS;

            // Calculate gradients using central differences on the virtual HR grid
            float left  = sampleRef(pos, di, dj - 1);
            float right = sampleRef(pos, di, dj + 1);
            float up    = sampleRef(pos, di - 1, dj);
            float down  = sampleRef(pos, di + 1, dj);
            float gx = (right - left) * 0.5;
            float gy = (down - up) * 0.5;
            float w = gaussian[i * PATCH_SIZE + j];
            abd += vec3(gx * gx, gx * gy, gy * gy) * w;
        }
    }

    // Eigenvalue decomposition
    float a = abd.x, b = abd.y, d = abd.z;
    float T = a + d;
    float D = a * d - b * b;
    float delta = sqrt(max(T * T / 4.0 - D, 0.0));
    float L1 = T / 2.0 + delta;
    float L2 = T / 2.0 - delta;
    float sqrtL1 = sqrt(L1);
    float sqrtL2 = sqrt(L2);

    // Angle quantization
    float theta = mix(mod(atan(L1 - a, b) + PI, PI), 0.0, abs(b) < EPS);
    float angle = floor(theta * float(QUANT_ANGLE) / PI);
    angle = clamp(angle, 0.0, float(QUANT_ANGLE - 1));

    // Strength quantization
    float lambda = sqrtL1;
    float strength = mix(mix(0.0, 1.0, lambda >= 0.00027), 2.0, lambda >= 0.00211);

    // Coherence quantization
    float mu = mix((sqrtL1 - sqrtL2) / (sqrtL1 + sqrtL2), 0.0, sqrtL1 + sqrtL2 < EPS);
    float coherence = mix(mix(0.0, 1.0, mu >= 0.194645), 2.0, mu >= 0.425714);

    // Compute hash key
    float hashKey = angle * float(QUANT_STR * QUANT_COH) + strength * float(QUANT_COH) + coherence;

    // Compute pixelType based on position in HR image
    int pixelType = 0;
    #if PIXEL_TYPES == 4
        pixelType = (ipos.y % 2) * 2 + (ipos.x % 2);
    #elif PIXEL_TYPES > 1
        // Fallback or future support for other patterns
        pixelType = (ipos.y % 2) * 2 + (ipos.x % 2); 
    #endif

    // LUT row index
    float lut_row = (hashKey * float(PIXEL_TYPES) + float(pixelType) + 0.5) / float(LUT_HEIGHT);

    // Apply filter
    float result = 0.0;
    for (int i = 0; i < PATCH_SIZE; i++) {
        for (int j = 0; j < PATCH_SIZE; j++) {
            int di = i - RADIUS;
            int dj = j - RADIUS;
            float pixel = sampleRef(pos, di, dj);
            int coef_idx = i * PATCH_SIZE + j;
            int lut_x = coef_idx / 4;
            int lut_c = coef_idx % 4;
            float lut_u = (float(lut_x) + 0.5) / float(LUT_WIDTH);
            vec4 w = texture(RAISR_LUT_2, vec2(lut_u, lut_row));
            float coef;
            if (lut_c == 0) coef = w.x;
            else if (lut_c == 1) coef = w.y;
            else if (lut_c == 2) coef = w.z;
            else coef = w.w;
            result += pixel * coef;
        }
    }

    result = clamp(result, 0.0, 1.0);
    return vec4(result, 0.0, 0.0, 0.0);

}

//!TEXTURE RAISR_LUT_1
//!SIZE 31 864
//!FORMAT rgba16f
//!FILTER NEAREST
9097b53b2b5188bc46e79bb9acc98d3c3753613c59bde8bbae55703cc54ba73c3a142e3bffc2b1bcbda3ff3b11e34ebcae37933c440ddd3ce0f248bd1dac8cbd376a27bdb4d37dbd0fd07abd30d9c53c8b69833cb5836fbc1a4837bc320d903c5c0e37bdc94ced3bbbf22c3e8ad25e3eb2d1313ed579663c96762cbdb648e13c3ef10bbc21b5833cd8d6aabc58e057bcf698943d2f25e2bd1892cabe958e08beb36fb23d3340babc50bddbbcfa05573c7860653c4f3026bd7faef73d0db00cbedd400bbe6902663eaf5a0abebbbd09be5622f73d845f19bdf68ea73c182090bb05b409bdc7c04d3e5d589bbecdf47a3e86a6b73fcdf47a3e5d589bbec7c04d3e05b409bd182090bbf68ea73c845f19bd5622f73dbbbd09beaf5a0abe6902663edd400bbe0db00cbe7faef73d4f3026bd7860653cfa05573c50bddbbc3340babcb36fb23d958e08be1892cabe2f25e2bdf698943d58e057bcd8d6aabc21b5833c3ef10bbcb648e13c96762cbdd579663cb2d1313e8ad25e3ebbf22c3ec94ced3b5c0e37bd320d903c1a4837bcb5836fbc8b69833c30d9c53c0fd07abdb4d37dbd376a27bd1dac8cbde0f248bd440ddd3cae37933c11e34ebcbda3ff3bffc2b1bc3a142e3bc54ba73cae55703c59bde8bb3753613cacc98d3c46e79bb92b5188bc9097b53b000000000000000000000000
0913ac3b0dfa61bc0be97a39dca6973c9dd2f13b4e3e34bb2e971e3c2be0773c7869a13b7be880bcd4addd3bcba4d9bba05efb3be521fc3c3a5e51bdc64a8fbd5dd1dcbcaf8b84bd0da36fbd17fbc03c521a743cc0f041bcbab333bcc14b9f3c11b222bd8cf1463a4e7e203ec99b643e3f1f233ee032213c19a420bd5d049f3c4e83f4bbdbf5613cce80cabc8a4393bc512e8b3d2c74eebd2ba7c7be3cd408be1b44a73d50a4d6bc5eccd7bce0d7433c2473293c09a02ebdf0c7e63deea016be079201be350d793e276805be18ee16be14f6e93dbcc02fbdb19d853c3223a8bb6e8dbdbccec2533e7d8d9abe21ec8d3e825fbb3f21ec8d3e7d8d9abecec2533e6e8dbdbc3223a8bbb19d853cbcc02fbd14f6e93d18ee16be276805be350d793e079201beeea016bef0c7e63d09a02ebd2473293ce0d7433c5eccd7bc50a4d6bc1b44a73d3cd408be2ba7c7be2c74eebd512e8b3d8a4393bcce80cabcdbf5613c4e83f4bb5d049f3c19a420bde032213c3f1f233ec99b643e4e7e203e8cf1463a11b222bdc14b9f3cbab333bcc0f041bc521a743c17fbc03c0da36fbdaf8b84bd5dd1dcbcc64a8fbd3a5e51bde521fc3ca05efb3bcba4d9bbd4addd3b7be880bc7869a13b2be0773c2e971e3c4e3e34bb9dd2f13bdca6973c0be97a390dfa61bc0913ac3b000000000000000000000000
da36063c1b1080bc00931fb97c0aac3c7a41493cec77fdbbe97f2b3c7ac48c3ca4b0bb3bc7237cbc920ac73bf22156bcc2fb6d3c52b0b93c7e445cbd73968dbdb5980ebd0a1784bd0c357fbd4e4bd23c8074183c64a807bc8f8e03bc45c2b33c5e561abdfffbd43b158d283eddbc623ebd982c3e8f2c2f3ca12a0fbdd7c0aa3c75ec27bcd9e14e3cec76cfbcf4559ebcd093833dd7baf8bd62e5c9be8f0b10be1fb3993d9165b1bc05c4f3bc52ca733cd4772d3cb74336bd7a8ae73d501914bec98700bec71f753e85d801bead5715be4351e73dde3f2bbdcaf4763cdb9d94bb7d6daebc20174f3e83e496be32748d3ea2dcbb3f32748d3e83e496be20174f3e7d6daebcdb9d94bbcaf4763cde3f2bbd4351e73dad5715be85d801bec71f753ec98700be501914be7a8ae73db74336bdd4772d3c52ca733c05c4f3bc9165b1bc1fb3993d8f0b10be62e5c9bed7baf8bdd093833df4559ebcec76cfbcd9e14e3c75ec27bcd7c0aa3ca12a0fbd8f2c2f3cbd982c3eddbc623e158d283efffbd43b5e561abd45c2b33c8f8e03bc64a807bc8074183c4e4bd23c0c357fbd0a1784bdb5980ebd73968dbd7e445cbd52b0b93cc2fb6d3cf22156bc920ac73bc7237cbca4b0bb3b7ac48c3ce97f2b3cec77fdbb7a41493c7c0aac3c00931fb91b1080bcda36063c000000000000000000000000
a480623cd286babcb8d0fe3bc7d9f53c87c4323ced8e1ebc845b4c3cac55e93c67e2353c7b77b6bc6e593f3c9e9c3fbcfb24983c4d90e83c695692bdbd1bbabd496049bd32aab8bdba0ba8bd9ca1d13c841db83c52e028bcf2109ebb1116cb3c626786bdea5e473c9dd9623ef69f8b3e76ee663ec0b6df3cbc4d8dbd3a6abf3c414111bc07f3c13cddbd0fbd3e9591bc816cd73d8f7a53bec81725bf0b6b6dbea09ff93d7fbfc7bc876927bdfe06fd3cbccc4bbb75ce7dbd0d59173e373d7ebec0aa42bebcfbd03e3d864abef0a079beceb81a3e92268bbdf6c6273bb685a6bc80928dbc1f138a3e887304bfb167dd3e4cf91340b167dd3e887304bf1f138a3e80928dbcb685a6bcf6c6273b92268bbdceb81a3ef0a079be3d864abebcfbd03ec0aa42be373d7ebe0d59173e75ce7dbdbccc4bbbfe06fd3c876927bd7fbfc7bca09ff93d0b6b6dbec81725bf8f7a53be816cd73d3e9591bcddbd0fbd07f3c13c414111bc3a6abf3cbc4d8dbdc0b6df3c76ee663ef69f8b3e9dd9623eea5e473c626786bd1116cb3cf2109ebb52e028bc841db83c9ca1d13cba0ba8bd32aab8bd496049bdbd1bbabd695692bd4d90e83cfb24983c9e9c3fbc6e593f3c7b77b6bc67e2353cac55e93c845b4c3ced8e1ebc87c4323cc7d9f53cb8d0fe3bd286babca480623c000000000000000000000000
951d9a3a0774f9bb0f9ec63a784e7a3cd305753b4a603abcfb268d3bb9e4543cfea2da3b508a18bc1defbab9fcfaa6b94de1823cde85863ca0233bbda7a12abd65aa78bcc11e23bd29154dbd539c503c6ae0ba3c1445f6b9c043b5bc0ee101bc2a8625bddc85a83ceee20f3e684d283e191a0e3eea75b43c51c929bdc761afbb783bbebcd0b2453c215a90bc30ff263ce3a8213dbea217befad4bbbe63c71ebe98a03b3ddb069339abeb1bbd5706c43ba499813b5ac377bcaf10ce3df2fd11be5f888ebde27d8d3e0c048ebd3a4b0cbe1c88f13d1e9861bbee1f1b3d2f1438bcd95a46bced100d3ec1a785be5d608c3e5aada53f5d608c3ec1a785beed100d3ed95a46bc2f1438bcee1f1b3d1e9861bb1c88f13d3a4b0cbe0c048ebde27d8d3e5f888ebdf2fd11beaf10ce3d5ac377bca499813b5706c43babeb1bbddb06933998a03b3d63c71ebefad4bbbebea217bee3a8213d30ff263c215a90bcd0b2453c783bbebcc761afbb51c929bdea75b43c191a0e3e684d283eeee20f3edc85a83c2a8625bd0ee101bcc043b5bc1445f6b96ae0ba3c539c503c29154dbdc11e23bd65aa78bca7a12abda0233bbdde85863c4de1823cfcfaa6b91defbab9508a18bcfea2da3bb9e4543cfb268d3b4a603abcd305753b784e7a3c0f9ec63a0774f9bb951d9a3a000000000000000000000000
2b3ee33ab81a1abc7508f73b97f54d3cfae1423b8ecc0fbccd00593b7dbe6c3cfb8ec63b766d15bc61babb3a48c9c43a479b833ca2ea433c77fb3fbdcc993fbd4d782fbcb4072abd68f750bddce1523ce4eac43c471c41bb944a90bce3f756bb8ce716bd59aeb53c0b6e0d3e23c32e3e64dd0a3eac979e3c0d0717bd0004f6ba8037a8bc90ecdb3b09d5a8bc29d82c3c504ad93cf82f1dbea2b7babecab02abe7520203d80735ebbb0f80bbd5bff213b52e5f0bac93bc1bcd0f6b53d66e01ebe840c9ebd926f943e537a96bd398d16beef74cd3da37452bc96f1d63cdf89b2b90d5e0a3a40e71a3ed8ad7bbe7d019e3eddc0ab3f7d019e3ed8ad7bbe40e71a3e0d5e0a3adf89b2b996f1d63ca37452bcef74cd3d398d16be537a96bd926f943e840c9ebd66e01ebed0f6b53dc93bc1bc52e5f0ba5bff213bb0f80bbd80735ebb7520203dcab02abea2b7babef82f1dbe504ad93c29d82c3c09d5a8bc90ecdb3b8037a8bc0004f6ba0d0717bdac979e3c64dd0a3e23c32e3e0b6e0d3e59aeb53c8ce716bde3f756bb944a90bc471c41bbe4eac43cdce1523c68f750bdb4072abd4d782fbccc993fbd77fb3fbda2ea433c479b833c48c9c43a61babb3a766d15bcfb8ec63b7dbe6c3ccd00593b8ecc0fbcfae1423b97f54d3c7508f73bb81a1abc2b3ee33a000000000000000000000000
96c7fb3a51c60ebca7bb963b434a4a3ca473ea3a8f6aa2bb6cf5a33ab7e57e3cbe0f063c955a48bccedb103b3da249b980129a3cc5815f3cdd1442bd83893ebd9ff569bc150331bd31a156bd49c2203cdaf2bb3c6c99b6ba126f92bcf1bdc2bb8d6f07bdde4bae3c90d7123efff1313e3d510d3e373cde3c155717bd751ea0bb83b8a3bcf22f683cb478b1bc1cb3383cd58fe53ced5427be1accbcbed2fc2ebed8492a3d6046babae79301bdb3751c3ca4c5f3bbb4b40fbda306b73dabef22be5a07a0bd7f6d923ef71ca9bd82951abe708ec13d88cdbdbcd5dda13cfd76103b7aef613c26c91e3edb1d74bec71aa73e8ba0ac3fc71aa73edb1d74be26c91e3e7aef613cfd76103bd5dda13c88cdbdbc708ec13d82951abef71ca9bd7f6d923e5a07a0bdabef22bea306b73db4b40fbda4c5f3bbb3751c3ce79301bd6046babad8492a3dd2fc2ebe1accbcbeed5427bed58fe53c1cb3383cb478b1bcf22f683c83b8a3bc751ea0bb155717bd373cde3c3d510d3efff1313e90d7123ede4bae3c8d6f07bdf1bdc2bb126f92bc6c99b6badaf2bb3c49c2203c31a156bd150331bd9ff569bc83893ebddd1442bdc5815f3c80129a3c3da249b9cedb103b955a48bcbe0f063cb7e57e3c6cf5a33a8f6aa2bba473ea3a434a4a3ca7bb963b51c60ebc96c7fb3a000000000000000000000000
4d6e633b898271bc8278373c6164b23c322a2c3b03c56ebc66144b3b7a3abb3cf5317f3c3b9789bc2fd1ca3a855fc93a7957d33c13035a3c29fa8cbd66896fbd2c20fbbbddb16dbd210899bdd3db423c984ae33ce288133c0b7a1bbc4d4f18bcc62851bde76d2e3db8d4433ea3f04d3eaedc3e3e30ef553dcaa367bd58e114bc765f6bbc4d800e3de696bbbc494ea53c6e7b723d8e1279bef06e14bfa5e880bebee4a43df8dded3b36980dbdd623ce3cb8bbb7bce53e4dbdb482d83de1f082be3f0700be22a9da3e99ae09be264c81be894bda3dd3ae0bbd1c7d6cbb13c48cbc9178953ceab64b3e4b46d2beb161eb3ef1b90140b161eb3e4b46d2beeab64b3e9178953c13c48cbc1c7d6cbbd3ae0bbd894bda3d264c81be99ae09be22a9da3e3f0700bee1f082beb482d83de53e4dbdb8bbb7bcd623ce3c36980dbdf8dded3bbee4a43da5e880bef06e14bf8e1279be6e7b723d494ea53ce696bbbc4d800e3d765f6bbc58e114bccaa367bd30ef553daedc3e3ea3f04d3eb8d4433ee76d2e3dc62851bd4d4f18bc0b7a1bbce288133c984ae33cd3db423c210899bdddb16dbd2c20fbbb66896fbd29fa8cbd13035a3c7957d33c855fc93a2fd1ca3a3b9789bcf5317f3c7a3abb3c66144b3b03c56ebc322a2c3b6164b23c8278373c898271bc4d6e633b000000000000000000000000
2020f0ba6821d63a540e813a1e30113c7aa623bce4af08bcd6a49dbb7015773bbe69ca3be8b439bb857434bb032ea8ba40ebb83b9c88c0bbb9eea6bc8bf1fdbbe514c73cdfac59ba9cfd9fbc18ca49bb9dd8e73c3b36463c5d3d04bc557452bb23bf4fbc83feef3cc3f19c3d6c36913d56f8863d61909f3c49f4f0bc2c0196bcaca955bd7e6d0bbb6f13d1bb9a374b3ce3ff46bca72b11be0dfe8cbe158119be8df08ebb2b2af6bad7c20cbd99e78cbce1c12bbdfe148abc5097573da67df4bdb14983bbb517923e3efc1a3be769aabdf6e7c33d30a2043d1dc38d3d7be2463cf1f7c03c2c69c63d31a82fbe5c81833efe8d803f5c81833e31a82fbe2c69c63df1f7c03c7be2463c1dc38d3d30a2043df6e7c33de769aabd3efc1a3bb517923eb14983bba67df4bd5097573dfe148abce1c12bbd99e78cbcd7c20cbd2b2af6ba8df08ebb158119be0dfe8cbea72b11bee3ff46bc9a374b3c6f13d1bb7e6d0bbbaca955bd2c0196bc49f4f0bc61909f3c56f8863d6c36913dc3f19c3d83feef3c23bf4fbc557452bb5d3d04bc3b36463c9dd8e73c18ca49bb9cfd9fbcdfac59bae514c73c8bf1fdbbb9eea6bc9c88c0bb40ebb83b032ea8ba857434bbe8b439bbbe69ca3b7015773bd6a49dbbe4af08bc7aa623bc1e30113c540e813a6821d63a2020f0ba000000000000000000000000
e0093ebb9dc3e0392c17033cd21e9f3ad6cfeebb50d4efbbafd68cbb11b1e9396c651c3c819d92bb0c2404bba4ba113ae826cc3b94ab08bcb4e5c3bc6ab0f6bb45bb9b3c9d6dba3a5d26cabc364c1c3bf013ad3cd0f2733ceb3e57bb812302bc7df901bbb415f13c7ebcab3d3948973d5cdf8d3d1090a63c7cc8bcbcfe2e95bc266f1dbde32149baf5a3b9bb2b30a13b185ca8bc405d19be7c358ebe672a22be1a1341bc7c3267bbe34f03bd4623b7bc6dd042bdd863b5bc5f620d3dd8c103be632424bceed7923edd89973b4181cebda25b953d9cf3a93c250c4e3df68da63c84e0303d0504e83ddf3f1cbe17bb963e53a2853f17bb963edf3f1cbe0504e83d84e0303df68da63c250c4e3d9cf3a93ca25b953d4181cebddd89973beed7923e632424bcd8c103be5f620d3dd863b5bc6dd042bd4623b7bce34f03bd7c3267bb1a1341bc672a22be7c358ebe405d19be185ca8bc2b30a13bf5a3b9bbe32149ba266f1dbdfe2e95bc7cc8bcbc1090a63c5cdf8d3d3948973d7ebcab3db415f13c7df901bb812302bceb3e57bbd0f2733cf013ad3c364c1c3b5d26cabc9d6dba3a45bb9b3c6ab0f6bbb4e5c3bc94ab08bce826cc3ba4ba113a0c2404bb819d92bb6c651c3c11b1e939afd68cbb50d4efbbd6cfeebbd21e9f3a2c17033c9dc3e039e0093ebb000000000000000000000000
dcc1f5b82961343aab2cac3b18b6873b7d2cecbb77990abccfa509bc17a1073c057b063c6ae8a7bbfc77bb39e9a20ebb34f3203a8e8223bb5237d5bc67183fbcfc13ae3c003b53bba99cd7bc5abf4bbad915a53cd6fe843cd303e1baf197d5ba67a7e0bbd819103d5ee2aa3dbf4dae3d8ad48b3d273ae83c8772a6bc803795bcdb1026bd5e346a3ba10b1ebca014613b00df9bbce39321be76ed92be42ea26be38d91dbc28d0cbbb5ae00cbdbabaa9bcb45f67bd6983e7bcba2cf53c0e5705bee04e6fbca2de913e731554bb32a2d0bd9190823d60dc993ccdfa253d4c2e1a3d650e493df884ed3db41b09be1c0b9c3eee82873f1c0b9c3eb41b09bef884ed3d650e493d4c2e1a3dcdfa253d60dc993c9190823d32a2d0bd731554bba2de913ee04e6fbc0e5705beba2cf53c6983e7bcb45f67bdbabaa9bc5ae00cbd28d0cbbb38d91dbc42ea26be76ed92bee39321be00df9bbca014613ba10b1ebc5e346a3bdb1026bd803795bc8772a6bc273ae83c8ad48b3dbf4dae3d5ee2aa3dd819103d67a7e0bbf197d5bad303e1bad6fe843cd915a53c5abf4bbaa99cd7bc003b53bbfc13ae3c67183fbc5237d5bc8e8223bb34f3203ae9a20ebbfc77bb396ae8a7bb057b063c17a1073ccfa509bc77990abc7d2cecbb18b6873bab2cac3b2961343adcc1f5b8000000000000000000000000
cc6f39bba85d243abb45093c8827063c127621bc643762bc4d8018bcfd534f3cb00a283c176644bbd01d81bb2fb1423bc1749c3b8d5471bc19040fbd9ce9a9bb6bcbae3c521d1f3aadf018bdf195fabbbca2bb3c1df9b43c871bc83b2c3d68bb920d23bc6f14453d5841ce3d5d28ab3debc0ae3d98761f3d1c86b6bcf2b1adbc0c01ebbcf893833c8a2a71bbae82a93cd39a1dbc9e804bbeb2a1c6be54ed4fbe1f91a83bc883553cdab001bdb103fdbb4da585bda1ef18bd9baef03c9fd944be77c0f4bc6acdc83e565af7bc5fdf2ebee685653d28b7893b7430803c5ba0aa3c187f773df59be73d716c70bebfc4c43e29f6b83fbfc4c43e716c70bef59be73d187f773d5ba0aa3c7430803c28b7893be685653d5fdf2ebe565af7bc6acdc83e77c0f4bc9fd944be9baef03ca1ef18bd4da585bdb103fdbbdab001bdc883553c1f91a83b54ed4fbeb2a1c6be9e804bbed39a1dbcae82a93c8a2a71bbf893833c0c01ebbcf2b1adbc1c86b6bc98761f3debc0ae3d5d28ab3d5841ce3d6f14453d920d23bc2c3d68bb871bc83b1df9b43cbca2bb3cf195fabbadf018bd521d1f3a6bcbae3c9ce9a9bb19040fbd8d5471bcc1749c3b2fb1423bd01d81bb176644bbb00a283cfd534f3c4d8018bc643762bc127621bc8827063cbb45093ca85d243acc6f39bb000000000000000000000000
208d06368f73013d289bdfbc397f53bd0b0e743d0730963c5d0e413d6d96d1bca55e6fbd3f793c3d25af18bb7f90633c35d3d6bdd019b63d144bd63db82768bd001f54be891d51bd4d57a83d4d76fd3d61d4efbd9be85a3ca3f9383c6959b63d939b623d6a1c9ebefb290f3efb69ab3e93df1d3e8ddc96bec334a43cc0e5d23d7bdd323c7238b2bdf4ad38bca8ff92bef95f283ee2a7553eaa6326bfd8a01b3ed0a3273eec178dbe513fb1bcee64a9bd7f24073e88bb903d368f8a3e41d0113e3aa2c7be0b0e74be3c5f95be6adfef3d93f5913e071d983d96f9013ec1c2bebd8c0781bebf6faf3dc8b84abfa8399c3ea03b3740a8399c3ec8b84abfbf6faf3d8c0781bec1c2bebd96f9013e071d983d93f5913e6adfef3d3c5f95be0b0e74be3aa2c7be41d0113e368f8a3e88bb903d7f24073eee64a9bd513fb1bcec178dbed0a3273ed8a01b3eaa6326bfe2a7553ef95f283ea8ff92bef4ad38bc7238b2bd7bdd323cc0e5d23dc334a43c8ddc96be93df1d3efb69ab3efb290f3e6a1c9ebe939b623d6959b63da3f9383c9be85a3c61d4efbd4d76fd3d4d57a83d891d51bd001f54beb82768bd144bd63dd019b63d35d3d6bd7f90633c25af18bb3f793c3da55e6fbd6d96d1bc5d0e413d0730963c0b0e743d397f53bd289bdfbc8f73013d208d0636000000000000000000000000
fdc0b23b47d7b53ca71523bd2dd30bbd95ff223deefe193d084b203d7ec013bd168d36bd9ba9ed3c9be4853bd9c93d3c80a2adbda85fd23debdde53d1f97a1bdfa1238be1d8593bd9d70e03da213ea3d7a35c4bd12930b3cd85c0cbbc81ac33dc7d9acbc1f5481bec931bf3d679eac3ed8fddc3d88c185be41aaa4bc2db5c93d52b3ff3b93678fbd76ae24bc660e5dbeb1df4c3ea5ac053ebb27eabe5e91d43d7e643f3e26ae62beefd0a6bcbc0d94bd446cd23d4c616b3d255d7f3ef1e0b33c6a64fcbe5fef8ebebd88e3be3b1ae23c04b0883e08f0723dca76d73dd9818fbd00c45fbe143b793dcc4e2cbfe9ee073fb8893e40e9ee073fcc4e2cbf143b793d00c45fbed9818fbdca76d73d08f0723d04b0883e3b1ae23cbd88e3be5fef8ebe6a64fcbef1e0b33c255d7f3e4c616b3d446cd23dbc0d94bdefd0a6bc26ae62be7e643f3e5e91d43dbb27eabea5ac053eb1df4c3e660e5dbe76ae24bc93678fbd52b3ff3b2db5c93d41aaa4bc88c185bed8fddc3d679eac3ec931bf3d1f5481bec7d9acbcc81ac33dd85c0cbb12930b3c7a35c4bda213ea3d9d70e03d1d8593bdfa1238be1f97a1bdebdde53da85fd23d80a2adbdd9c93d3c9be4853b9ba9ed3c168d36bd7ec013bd084b203deefe193d95ff223d2dd30bbda71523bd47d7b53cfdc0b23b000000000000000000000000
909a893bb4039e3c5b7ad2bc37a148bd05053a3defd3033dfebd3f3dbcc445bde05201bdb4e7eb3c40fe24ba26d4063cb1899ebdf4c9b63d4a51dd3dda634cbd259a52beeccb5bbde31bd63df644d03d27e8c8bd07d5973c5881093c06be9b3d1767f43b2d8487be3153b13df56db03e4823ea3d9db38cbe43c195ba66dccf3d7d1877bb40aa94bdbbfcf0bb456464be85015c3e49a9ef3d5954e3beb6a58d3d6c9b5a3e2c5e62be2196e2bc817b7fbd0c99d53d6d40773da06d7c3e3bd5f6bac9c7f9be701997be1ca6d7be413ed9bb2edc823e89cd893d2634d03d7ef191bd126368be25179e3d31622bbf2a47153f00af3b402a47153f31622bbf25179e3d126368be7ef191bd2634d03d89cd893d2edc823e413ed9bb1ca6d7be701997bec9c7f9be3bd5f6baa06d7c3e6d40773d0c99d53d817b7fbd2196e2bc2c5e62be6c9b5a3eb6a58d3d5954e3be49a9ef3d85015c3e456464bebbfcf0bb40aa94bd7d1877bb66dccf3d43c195ba9db38cbe4823ea3df56db03e3153b13d2d8487be1767f43b06be9b3d5881093c07d5973c27e8c8bdf644d03de31bd63deccb5bbd259a52beda634cbd4a51dd3df4c9b63db1899ebd26d4063c40fe24bab4e7eb3ce05201bdbcc445bdfebd3f3defd3033d05053a3d37a148bd5b7ad2bcb4039e3c909a893b000000000000000000000000
860cabbcb109a63d9678afbdb1c83dbdafe4773d406f253da2d9553df17623bdf17eb8bd9e94923d9da668bc9366713d2bac41beaa9a233e7ca33e3e73d4c2bd8c8786be2ddd9ebdd54a263e08b7423e18b439bebe7d3c3de78c11bdb0cd103e57a6993d617806bff64c1b3ee7aeeb3e6d221e3e388b01bfc4f1113d92670b3ee60a7fbc31e7a4bde1ba833d7b1cddbefa8be43ed750c63e63f560bf58aaac3e8390e93ecae5dabed2dfa13df3b6d2bd08c6f53db1bfd03ccd5a853ec32e0d3ec1c084bf0f43d0be76017bbf43fb093e5632823e318adf3c00de053e24f85bbd031db7be59e5b23ecb687abfc259963e95c4a940c259963ecb687abf59e5b23e031db7be24f85bbd00de053e318adf3c5632823e43fb093e76017bbf0f43d0bec1c084bfc32e0d3ecd5a853eb1bfd03c08c6f53df3b6d2bdd2dfa13dcae5dabe8390e93e58aaac3e63f560bfd750c63efa8be43e7b1cddbee1ba833d31e7a4bde60a7fbc92670b3ec4f1113d388b01bf6d221e3ee7aeeb3ef64c1b3e617806bf57a6993db0cd103ee78c11bdbe7d3c3d18b439be08b7423ed54a263e2ddd9ebd8c8786be73d4c2bd7ca33e3eaa9a233e2bac41be9366713d9da668bc9e94923df17eb8bdf17623bda2d9553d406f253dafe4773db1c83dbd9678afbdb109a63d860cabbc000000000000000000000000
a96c123b439b9c3cfec245bd1bf7adbc8142323d29db103dfe34193d32268bbce4a641bd44df993c8e2cc7b91583e83b2db767bdc1b8e73dd7e9be3d1e0de4bd98542bbe587ad6bd14389a3d20d4ee3de5737ebd65136c3cead4b5bbd3fdcd3d9d52adbd263c77bef20b163e126abf3e23d52e3e256b4abe0112a5bdf69bed3d9053dcbb3b51c1bd3ec578bdcc8f26bea1828a3e0afaa13d12020abf87331fbcb04e293e23f24bbe3c73dabd00d1e6bdf299423e8732db3dda848c3ee3eb4ebd4308e2becc1a4dbee43e8dbe5dc6d13ce09db33ebf8e133e09546c3ece1b46be83ab95be901dcb3ca91c34bf5c32093f7c1228405c32093fa91c34bf901dcb3c83ab95bece1b46be09546c3ebf8e133ee09db33e5dc6d13ce43e8dbecc1a4dbe4308e2bee3eb4ebdda848c3e8732db3df299423e00d1e6bd3c73dabd23f24bbeb04e293e87331fbc12020abf0afaa13da1828a3ecc8f26be3ec578bd3b51c1bd9053dcbbf69bed3d0112a5bd256b4abe23d52e3e126abf3ef20b163e263c77be9d52adbdd3fdcd3dead4b5bb65136c3ce5737ebd20d4ee3d14389a3d587ad6bd98542bbe1e0de4bdd7e9be3dc1b8e73d2db767bd1583e83b8e2cc7b944df993ce4a641bd32268bbcfe34193d29db103d8142323d1bf7adbcfec245bd439b9c3ca96c123b000000000000000000000000
3e88873b7c55cd3b9ba122bdd57ed1bc9291303d320f1e3d90d11e3d8ebfc4bc96382bbd0167cf3b04a5913ba222c03be77814bd5a59f13d09b3b43d3480ccbd29e53cbe6c0dbbbdfc919b3d0f1f003e95eb32bd5a5f163cd26cf7b9c9c89a3dc3e0fbbd272b55bec9bed83d5304cd3ecf5a073e9a9147bea8bac5bde5c7b83d69e492bb7b7699bd0e498bbdf4f785bd04fd8a3ee047d63c6ff1c8be772e73bd8345563e34000abea76dcdbd23f6bbbd12fd1d3e2ee3b23d96e36f3e9e1e31be419500bf83a888bead67d2be89517dbd66d6913ebf3a043e3b98423e73bd33be5c6d58be8d45acbb5fad14bffa1c4e3fa5212a40fa1c4e3f5fad14bf8d45acbb5c6d58be73bd33be3b98423ebf3a043e66d6913e89517dbdad67d2be83a888be419500bf9e1e31be96e36f3e2ee3b23d12fd1d3e23f6bbbda76dcdbd34000abe8345563e772e73bd6ff1c8bee047d63c04fd8a3ef4f785bd0e498bbd7b7699bd69e492bbe5c7b83da8bac5bd9a9147becf5a073e5304cd3ec9bed83d272b55bec3e0fbbdc9c89a3dd26cf7b95a5f163c95eb32bd0f1f003efc919b3d6c0dbbbd29e53cbe3480ccbd09b3b43d5a59f13de77814bda222c03b04a5913b0167cf3b96382bbd8ebfc4bc90d11e3d320f1e3d9291303dd57ed1bc9ba122bd7c55cd3b3e88873b000000000000000000000000
c34cab3bae24dd3b782d26bd7afbd3bc16682b3d2cc42a3df68e0f3d9bd7b1bc3bf637bdb5203c3c0630803ad253113bcc0702bda2dce03d6b9bc83d2bc7d5bdbaa73cbe2abbb5bdb7709f3d6ac6fd3dd77137bd9915403c2d5e43bb3e74993d3e11e4bd2f3a5fbe53d0d03d322bd23e90c0ec3d8cdb3fbe6614d6bdbe50b73dc018b2bbbff36ebd51bea7bdc7487abd601c923e319bb83c89e4c3be994075bd070f5c3e87fce1bddafbdbbd6da7a9bd5c0b163ed8e9b23d02f4673e966c4cbe180d03bfcdbba1be36bcd1be7627c7bd69cc893edbbaef3d3e6c423eb87937be50964ebebde4b83b05920dbfa1915d3f34822b40a1915d3f05920dbfbde4b83b50964ebeb87937be3e6c423edbbaef3d69cc893e7627c7bd36bcd1becdbba1be180d03bf966c4cbe02f4673ed8e9b23d5c0b163e6da7a9bddafbdbbd87fce1bd070f5c3e994075bd89e4c3be319bb83c601c923ec7487abd51bea7bdbff36ebdc018b2bbbe50b73d6614d6bd8cdb3fbe90c0ec3d322bd23e53d0d03d2f3a5fbe3e11e4bd3e74993d2d5e43bb9915403cd77137bd6ac6fd3db7709f3d2abbb5bdbaa73cbe2bc7d5bd6b9bc83da2dce03dcc0702bdd253113b0630803ab5203c3c3bf637bd9bd7b1bcf68e0f3d2cc42a3d16682b3d7afbd3bc782d26bdae24dd3bc34cab3b000000000000000000000000
3b39d6bb7153173da31bb0bd485236bcdc773d3dce1d3e3d33762b3d836da6bce2098fbd99d89e3cfa4508ba41cef53c386abfbd09a5403e5ec5fd3da1d00bbe805d5ebe55f1dfbd4ef1d93d83164a3e9a72bbbd54eff33c684be3bcca04e63d092304be0ad4c0bef9be343ec837f03e49b0373eae5db2be0ca50cbe6b2f0d3e8eeae9bc92ab83bd0fc3533b67543bbe0084ff3e9813443e6f4341bf9faedb3ddb53ec3ee35875bef30ed5bc7d61b2bdfb67233e5d51d2ba3bf5853ebc6a3dbe664a6bbf9ea189be741350bfa324f5bdca0e993e5a533a3d5e393d3e4c4b16be7b3f96be2c49913e4aed57bfad32303ff45c8d40ad32303f4aed57bf2c49913e7b3f96be4c4b16be5e393d3e5a533a3dca0e993ea324f5bd741350bf9ea189be664a6bbfbc6a3dbe3bf5853e5d51d2bafb67233e7d61b2bdf30ed5bce35875bedb53ec3e9faedb3d6f4341bf9813443e0084ff3e67543bbe0fc3533b92ab83bd8eeae9bc6b2f0d3e0ca50cbeae5db2be49b0373ec837f03ef9be343e0ad4c0be092304beca04e63d684be3bc54eff33c9a72bbbd83164a3e4ef1d93d55f1dfbd805d5ebea1d00bbe5ec5fd3d09a5403e386abfbd41cef53cfa4508ba99d89e3ce2098fbd836da6bc33762b3dce1d3e3ddc773d3d485236bca31bb0bd7153173d3b39d6bb000000000000000000000000
4c5bfbbac59fc2bc702d89bc8e6e8f3c8c3bd63c8a20633c66a4ab3c3df31c3cc6f1303c294635bd31d0a43af2000e3d8fe8523dc8a9813db12fc6bc01d9c8bd60cfc9bdb8a8bcbdb46b9fbcfcf8dd3cceaa0a3d1c2e7e3d4f59d7bd45b407bd813a02be9e6877bd32bd3f3eebb2933e78324e3e254cabbc2a5bb8bd13b7f33dfcecfabdad12ed3d7fa2593d8cfc493d9f40573e9440aebd86d5ebbe875139be0a52873d0781e1bd2b373bbecee214be788e01bdf3c2fdbc7308963d936787bec4609dbefd7bd43d415d3bbe1b98b5bd1e4cb43e15c2c43d2d21e93e1edb61be949e37be5893093e6988cabe97dafd3ec895f83f97dafd3e6988cabe5893093e949e37be1edb61be2d21e93e15c2c43d1e4cb43e1b98b5bd415d3bbefd7bd43dc4609dbe936787be7308963df3c2fdbc788e01bdcee214be2b373bbe0781e1bd0a52873d875139be86d5ebbe9440aebd9f40573e8cfc493d7fa2593dad12ed3dfcecfabd13b7f33d2a5bb8bd254cabbc78324e3eebb2933e32bd3f3e9e6877bd813a02be45b407bd4f59d7bd1c2e7e3dceaa0a3dfcf8dd3cb46b9fbcb8a8bcbd60cfc9bd01d9c8bdb12fc6bcc8a9813d8fe8523df2000e3d31d0a43a294635bdc6f1303c3df31c3c66a4ab3c8a20633c8c3bd63c8e6e8f3c702d89bcc59fc2bc4c5bfbba000000000000000000000000
9057bfbbe435b1bc7930adbc779ca23c063eb73c34aba93cbaff8f3c0d911f3c1c511c3b5f1b18bd067f9bbbdd73313d09de653d98f28f3d6843b4bc5ab2d0bdf209c8bddd68b8bd77c886bcad78333de341f43cc6ab913da9c4e1bd82ab6fbdbdbe0cbec79382bd13432c3e24df9b3e964d3f3eb31a08bd7db7c7bd6679be3d1a2ceebd414f0f3ed3ad963d127fc83d92d9653e782bb3bd2d09d5be6b8e38be25ebac3d526f96bd07de0dbe5531fabd73e88bbdb3ca83bd70bc813ca083b1be0c9ac0be61a0473d7f0e85bebcef16be2ad5823eea9a5b3d6350c03ea72532beffe0edbdb8c6473ed8a396bee43c273ff8f30240e43c273fd8a396beb8c6473effe0edbda72532be6350c03eea9a5b3d2ad5823ebcef16be7f0e85be61a0473d0c9ac0bea083b1be70bc813cb3ca83bd73e88bbd5531fabd07de0dbe526f96bd25ebac3d6b8e38be2d09d5be782bb3bd92d9653e127fc83dd3ad963d414f0f3e1a2ceebd6679be3d7db7c7bdb31a08bd964d3f3e24df9b3e13432c3ec79382bdbdbe0cbe82ab6fbda9c4e1bdc6ab913de341f43cad78333d77c886bcdd68b8bdf209c8bd5ab2d0bd6843b4bc98f28f3d09de653ddd73313d067f9bbb5f1b18bd1c511c3b0d911f3cbaff8f3c34aba93c063eb73c779ca23c7930adbce435b1bc9057bfbb000000000000000000000000
864f6cbbdac6d8bc80409abcd12a983c627ccf3ce72b7f3cd232b63cdea33b3cc4aac33affbf18bdc6815fbbb77a2e3d5d1e763d3cd8923dd5bdb7bc0076d5bd695ec4bdbc7ac7bd2921a7bcad52373d51b6f83c5903903d5aaceabd3d8183bdfccc08be4e1c89bd69d3343eb7b8993e90424b3e977d0ebd463cb6bd08a1a33de55debbd97e81a3e4f95883db723d43dfb4f643e216ec7bd49a9d6becde034bee51f9d3d6ea57ebd3c8d10be7f5be7bda4d774bd0a0a80bdf120523c56edb3be894fc0be9b8dca3cd0e487be6cb31cbe1796793e490a7f3db3fbc03ec6694cbe98ecdebdbd6e3a3e2f0c8dbe50282e3f648b044050282e3f2f0c8dbebd6e3a3e98ecdebdc6694cbeb3fbc03e490a7f3d1796793e6cb31cbed0e487be9b8dca3c894fc0be56edb3bef120523c0a0a80bda4d774bd7f5be7bd3c8d10be6ea57ebde51f9d3dcde034be49a9d6be216ec7bdfb4f643eb723d43d4f95883d97e81a3ee55debbd08a1a33d463cb6bd977d0ebd90424b3eb7b8993e69d3343e4e1c89bdfccc08be3d8183bd5aaceabd5903903d51b6f83cad52373d2921a7bcbc7ac7bd695ec4bd0076d5bdd5bdb7bc3cd8923d5d1e763db77a2e3dc6815fbbffbf18bdc4aac33adea33b3cd232b63ce72b7f3c627ccf3cd12a983c80409abcdac6d8bc864f6cbb000000000000000000000000
8f4a26bb62341bbd02daa8bc9ebec43cdc06e43c076f5a3cd83cf03cbc482e3cd9e2623bb00559bd7ee28cbae2264d3d6a938b3d1b42d23d7134f0bcb1d8ecbdb0ebe7bdc3aad6bdb19eedbc3792a53d15b82e3db6e4973d7ef30abe1dbf69bde0bf4abe73b1d2bd4560603eb61aac3e8120693eec507bbdaf1728be5b14b23d4a31f0bdd96c413e07f0b63dbbb5013e2edfb13e6f21a9bdcd6a19bf76443bbeb96e773e49ff11bd04c2f1bdc3e8b1bd77929dbd618115be6b5e7e3d36bef1beb6a40cbf67dc033ea23fedbe9a06a0be2b2c863eb9ac1dbcb250a53e6a1326be86c6d4bdd3eeaa3e230107bfd84a433f9c214140d84a433f230107bfd3eeaa3e86c6d4bd6a1326beb250a53eb9ac1dbc2b2c863e9a06a0bea23fedbe67dc033eb6a40cbf36bef1be6b5e7e3d618115be77929dbdc3e8b1bd04c2f1bd49ff11bdb96e773e76443bbecd6a19bf6f21a9bd2edfb13ebbb5013e07f0b63dd96c413e4a31f0bd5b14b23daf1728beec507bbd8120693eb61aac3e4560603e73b1d2bde0bf4abe1dbf69bd7ef30abeb6e4973d15b82e3d3792a53db19eedbcc3aad6bdb0ebe7bdb1d8ecbd7134f0bc1b42d23d6a938b3de2264d3d7ee28cbab00559bdd9e2623bbc482e3cd83cf03c076f5a3cdc06e43c9ebec43c02daa8bc62341bbd8f4a26bb000000000000000000000000
c1949f3c752be5bb02e1533d844274bdc1f4243d6dff9b3c70c8d43ca39103bd2820eb3c5330b03a299a873cdcd01cbde6a9ecbab041cfbd31f0a83d6e5d32bce0ac20be1d0baf3cf9c8713cfec937bd2506d3bcd1da0ebd0ba0a73d6ba212bdbd038a3e1f291ebe6f0ae43d5495923d0dcce13d0541cbbd00c4713ef20bffbcfe79ba3d0f3d98bdb56b8bbd403284be7456c3bee41fc03edec8bcbe4b60953e5c68cdbeccb189bebd8055bdbdd9b8bd3d0e923dc465063e7b72b53e122b0a3ffc40cabd45f840bf7dd38e3d4b05fc3ed617d03ea151c73da470bc3d373831bd88167bbe176427be874e85bf16c7da3d082a294016c7da3d874e85bf176427be88167bbe373831bda470bc3da151c73dd617d03e4b05fc3e7dd38e3d45f840bffc40cabd122b0a3f7b72b53ec465063e3d0e923dbdd9b8bdbd8055bdccb189be5c68cdbe4b60953edec8bcbee41fc03e7456c3be403284beb56b8bbd0f3d98bdfe79ba3df20bffbc00c4713e0541cbbd0dcce13d5495923d6f0ae43d1f291ebebd038a3e6ba212bd0ba0a73dd1da0ebd2506d3bcfec937bdf9c8713c1d0baf3ce0ac20be6e5d32bc31f0a83db041cfbde6a9ecbadcd01cbd299a873c5330b03a2820eb3ca39103bd70c8d43c6dff9b3cc1f4243d844274bd02e1533d752be5bbc1949f3c000000000000000000000000
b0ff943cf220d73bd085cc3cd84742bd55ce033d325f51bc7754283d1fde54bd995cea3cf7a3893b07a67b3ce2ee9bbc13e687bd57fb83bb7a94a63c30379b3d75b808beda8d633d438b693cd9c3bc3bf5cb93bd9b090fbcb9912e3db09a663d82ac303ee8b7fabd0dd3c2bca95db13c4b82c43cc11ceabdc5242c3e761e623d73150b3d56344abdf8ee7fbd195ec5be643b473cc4e3e23dbc55483e86b46a3cb8004e3b66eecdbe0ed952bd5d1e37bd9f6ded3cce780c3eccdae63e2f5d893e2a6af4becc3034bf280fc4bee274973e2171e73e46ce0a3e9b9ed03c7003813cfb4f8cbe817b47beab847bbfaa6b693f3e3b1b40aa6b693fab847bbf817b47befb4f8cbe7003813c9b9ed03c46ce0a3e2171e73ee274973e280fc4becc3034bf2a6af4be2f5d893eccdae63ece780c3e9f6ded3c5d1e37bd0ed952bd66eecdbeb8004e3b86b46a3cbc55483ec4e3e23d643b473c195ec5bef8ee7fbd56344abd73150b3d761e623dc5242c3ec11ceabd4b82c43ca95db13c0dd3c2bce8b7fabd82ac303eb09a663db9912e3d9b090fbcf5cb93bdd9c3bc3b438b693cda8d633d75b808be30379b3d7a94a63c57fb83bb13e687bde2ee9bbc07a67b3cf7a3893b995cea3c1fde54bd7754283d325f51bc55ce033dd84742bdd085cc3cf220d73bb0ff943c000000000000000000000000
0257803ce9522a3cc3308f3c6fc306bd60771e3c8d0d353cdfd7f93b468ababc7f0c763bcafcad3cfd863c3cc01d4bbc62eaa7bd5a5d9c3c19bbdcbb7c3ddc3de0ef15be8ee4a83dd545ce3b7573933ce80aa7bd74156ebca45e033d3feca33d8dc8163e2f7fd1bdb1924fbd444e6a3c1e0e263cf55802be3899243ef25f7a3de9d4443ddcff52bd9fa787bd802fc8be6aa6023dc192eb3d3c53583e4a08273d2a30103ba0b9bcbe502394bd22de72bdd555893d9998cd3de8b3003f3ec5523e25aef7be4b5a35bfc767d8be27b78d3ecbcde73e7c8e003e5bd0813d094c2bbd79ab6dbe9da173be33f372bfae16793fcb9c1940ae16793f33f372bf9da173be79ab6dbe094c2bbd5bd0813d7c8e003ecbcde73e27b78d3ec767d8be4b5a35bf25aef7be3ec5523ee8b3003f9998cd3dd555893d22de72bd502394bda0b9bcbe2a30103b4a08273d3c53583ec192eb3d6aa6023d802fc8be9fa787bddcff52bde9d4443df25f7a3d3899243ef55802be1e0e263c444e6a3cb1924fbd2f7fd1bd8dc8163e3feca33da45e033d74156ebce80aa7bd7573933cd545ce3b8ee4a83de0ef15be7c3ddc3d19bbdcbb5a5d9c3c62eaa7bdc01d4bbcfd863c3ccafcad3c7f0c763b468ababcdfd7f93b8d0d353c60771e3c6fc306bdc3308f3ce9522a3c0257803c000000000000000000000000
5a9f213ca2ee82bc8a02b93d7df6e3bd7e35ad3cf9a8883c3f33353bf11ba9bdd03e883dab1704bc8c6c413c246be2bcdaa78c3dee9f90becea88a3e8d078d3d281806bef830bf3d3aeb563e7ed86dbefa45643dcea3f4bc0e76ae3d3b9657be41a3223f3a58d9be6d9607be7680a3bc8f5adabdebb6c9be6ae51e3f5ace6abe2f69cd3dbe0182bde761af3def1be8beb1a7f6be65029c3ffb55d3bef8318f3f3d7ff2bed724fcbee92d113eff98c1bd51757fbb1531393e76b5273e1e778c3fb358abbf3884c4bf64d59bbf4015893ffa7e563e8410093ef2a1b03ca136b63beae846be7fa395be19cc49bfd03831bfab2be640d03831bf19cc49bf7fa395beeae846bea136b63bf2a1b03c8410093efa7e563e4015893f64d59bbf3884c4bfb358abbf1e778c3f76b5273e1531393e51757fbbff98c1bde92d113ed724fcbe3d7ff2bef8318f3ffb55d3be65029c3fb1a7f6beef1be8bee761af3dbe0182bd2f69cd3d5ace6abe6ae51e3febb6c9be8f5adabd7680a3bc6d9607be3a58d9be41a3223f3b9657be0e76ae3dcea3f4bcfa45643d7ed86dbe3aeb563ef830bf3d281806be8d078d3dcea88a3eee9f90bedaa78c3d246be2bc8c6c413cab1704bcd03e883df11ba9bd3f33353bf9a8883c7e35ad3c7df6e3bd8a02b93da2ee82bc5a9f213c000000000000000000000000
