// 文档 https://github.com/hooke007/mpv_PlayKit/wiki/4_GLSL

/*
BSD 3-Clause

The main logic is based on
  https://arxiv.org/pdf/1606.01299 《RAISR: Rapid and Accurate Image Super Resolution》
Copyright (c) 2022, Intel Corporation

The embedded model weights are derived from
  https://github.com/OpenVisualCloud/Video-Super-Resolution-Library

Converted by: hooke007
License inherited from upstream
*/


//!HOOK LUMA
//!BIND HOOKED
//!BIND RAISR_LUT_1
//!SAVE RAISR_PRE
//!DESC [Intel_RAISR_x1d5_denoise] (Upscale)
//!WIDTH 1.5 HOOKED.w *
//!HEIGHT 1.5 HOOKED.h *
//!WHEN OUTPUT.w HOOKED.w 1.0 * > OUTPUT.h HOOKED.h 1.0 * > *
//!COMPONENTS 1

#define PATCH_SIZE 11
#define RADIUS 5
#define LUT_WIDTH 31
#define LUT_HEIGHT 216
#define QUANT_ANGLE 24
#define QUANT_STR 3
#define QUANT_COH 3
#define PIXEL_TYPES 1
#define RATIO 1.5
#define PI 3.141592653589793
#define EPS 1.192092896e-7

const float gaussian[PATCH_SIZE * PATCH_SIZE] = float[](0.0000279978, 0.0001068011, 0.0003025633, 0.0006365687, 0.0009946325, 0.0011541664, 0.0009946325, 0.0006365687, 0.0003025633, 0.0001068011, 0.0000279978, 0.0001068011, 0.0004074064, 0.0011541664, 0.0024282723, 0.0037941523, 0.0044027148, 0.0037941523, 0.0024282723, 0.0011541664, 0.0004074064, 0.0001068011, 0.0003025633, 0.0011541664, 0.0032697080, 0.0068791998, 0.0107486840, 0.0124727175, 0.0107486840, 0.0068791998, 0.0032697080, 0.0011541664, 0.0003025633, 0.0006365687, 0.0024282723, 0.0068791998, 0.0144732771, 0.0226143572, 0.0262415835, 0.0226143572, 0.0144732771, 0.0068791998, 0.0024282723, 0.0006365687, 0.0009946325, 0.0037941523, 0.0107486840, 0.0226143572, 0.0353347172, 0.0410022237, 0.0353347172, 0.0226143572, 0.0107486840, 0.0037941523, 0.0009946325, 0.0011541664, 0.0044027148, 0.0124727175, 0.0262415835, 0.0410022237, 0.0475787690, 0.0410022237, 0.0262415835, 0.0124727175, 0.0044027148, 0.0011541664, 0.0009946325, 0.0037941523, 0.0107486840, 0.0226143572, 0.0353347172, 0.0410022237, 0.0353347172, 0.0226143572, 0.0107486840, 0.0037941523, 0.0009946325, 0.0006365687, 0.0024282723, 0.0068791998, 0.0144732771, 0.0226143572, 0.0262415835, 0.0226143572, 0.0144732771, 0.0068791998, 0.0024282723, 0.0006365687, 0.0003025633, 0.0011541664, 0.0032697080, 0.0068791998, 0.0107486840, 0.0124727175, 0.0107486840, 0.0068791998, 0.0032697080, 0.0011541664, 0.0003025633, 0.0001068011, 0.0004074064, 0.0011541664, 0.0024282723, 0.0037941523, 0.0044027148, 0.0037941523, 0.0024282723, 0.0011541664, 0.0004074064, 0.0001068011, 0.0000279978, 0.0001068011, 0.0003025633, 0.0006365687, 0.0009946325, 0.0011541664, 0.0009946325, 0.0006365687, 0.0003025633, 0.0001068011, 0.0000279978);

float sampleHR(vec2 base, int di, int dj) {
    vec2 offset = vec2(float(dj), float(di)) * (1.0/RATIO) * HOOKED_pt;
    return HOOKED_tex(base + offset).x;
}

vec4 hook() {

    vec2 pos = HOOKED_pos;
    ivec2 ipos = ivec2(HOOKED_pos * HOOKED_size * RATIO);

    // Compute gradient tensor (GTWG) in HR space
    // Standard RAISR uses an 11x11 patch from the upscaled image
    vec3 abd = vec3(0.0);

    for (int i = 0; i < PATCH_SIZE; i++) {
        for (int j = 0; j < PATCH_SIZE; j++) {
            int di = i - RADIUS;
            int dj = j - RADIUS;

            // Calculate gradients using central differences on the virtual HR grid
            float left  = sampleHR(pos, di, dj - 1);
            float right = sampleHR(pos, di, dj + 1);
            float up    = sampleHR(pos, di - 1, dj);
            float down  = sampleHR(pos, di + 1, dj);

            float gx = (right - left) * 0.5;
            float gy = (down - up) * 0.5;
            float w = gaussian[i * PATCH_SIZE + j];
            abd += vec3(gx * gx, gx * gy, gy * gy) * w;
        }
    }

    // Eigenvalue decomposition
    float a = abd.x, b = abd.y, d = abd.z;
    float T = a + d;
    float D = a * d - b * b;
    float delta = sqrt(max(T * T / 4.0 - D, 0.0));
    float L1 = T / 2.0 + delta;
    float L2 = T / 2.0 - delta;
    float sqrtL1 = sqrt(L1);
    float sqrtL2 = sqrt(L2);

    // Angle quantization
    float theta = mix(mod(atan(L1 - a, b) + PI, PI), 0.0, abs(b) < EPS);
    float angle = floor(theta * float(QUANT_ANGLE) / PI);
    angle = clamp(angle, 0.0, float(QUANT_ANGLE - 1));

    // Strength quantization
    float lambda = sqrtL1;
    float strength = mix(mix(0.0, 1.0, lambda >= 0.01746), 2.0, lambda >= 0.067435);

    // Coherence quantization
    float mu = mix((sqrtL1 - sqrtL2) / (sqrtL1 + sqrtL2), 0.0, sqrtL1 + sqrtL2 < EPS);
    float coherence = mix(mix(0.0, 1.0, mu >= 0.103713), 2.0, mu >= 0.210206);

    // Compute hash key
    float hashKey = angle * float(QUANT_STR * QUANT_COH) + strength * float(QUANT_COH) + coherence;

    // Compute pixelType based on position in HR image
    int pixelType = 0;
    #if PIXEL_TYPES == 4
        pixelType = (ipos.y % 2) * 2 + (ipos.x % 2);
    #elif PIXEL_TYPES > 1
        // Fallback or future support for other patterns
        pixelType = (ipos.y % 2) * 2 + (ipos.x % 2); 
    #endif

    // LUT row index
    float lut_row = (hashKey * float(PIXEL_TYPES) + float(pixelType) + 0.5) / float(LUT_HEIGHT);

    // Apply filter
    float result = 0.0;
    for (int i = 0; i < PATCH_SIZE; i++) {
        for (int j = 0; j < PATCH_SIZE; j++) {
            int di = i - RADIUS;
            int dj = j - RADIUS;
            float pixel = sampleHR(pos, di, dj);
            int coef_idx = i * PATCH_SIZE + j;
            int lut_x = coef_idx / 4;
            int lut_c = coef_idx % 4;
            float lut_u = (float(lut_x) + 0.5) / float(LUT_WIDTH);
            vec4 w = texture(RAISR_LUT_1, vec2(lut_u, lut_row));
            float coef;
            if (lut_c == 0) coef = w.x;
            else if (lut_c == 1) coef = w.y;
            else if (lut_c == 2) coef = w.z;
            else coef = w.w;
            result += pixel * coef;
        }
    }

    result = clamp(result, 0.0, 1.0);
    return vec4(result, 0.0, 0.0, 0.0);

}

//!HOOK LUMA
//!BIND RAISR_LUT_2
//!BIND RAISR_PRE
//!DESC [Intel_RAISR_x1d5_denoise] (Refinement)
//!WIDTH 1.5 HOOKED.w *
//!HEIGHT 1.5 HOOKED.h *
//!COMPONENTS 1

#define PATCH_SIZE 11
#define RADIUS 5
#define LUT_WIDTH 31
#define LUT_HEIGHT 216
#define QUANT_ANGLE 24
#define QUANT_STR 3
#define QUANT_COH 3
#define PIXEL_TYPES 1
#define RATIO 1.5
#define PI 3.141592653589793
#define EPS 1.192092896e-7

const float gaussian[PATCH_SIZE * PATCH_SIZE] = float[](0.0000279978, 0.0001068011, 0.0003025633, 0.0006365687, 0.0009946325, 0.0011541664, 0.0009946325, 0.0006365687, 0.0003025633, 0.0001068011, 0.0000279978, 0.0001068011, 0.0004074064, 0.0011541664, 0.0024282723, 0.0037941523, 0.0044027148, 0.0037941523, 0.0024282723, 0.0011541664, 0.0004074064, 0.0001068011, 0.0003025633, 0.0011541664, 0.0032697080, 0.0068791998, 0.0107486840, 0.0124727175, 0.0107486840, 0.0068791998, 0.0032697080, 0.0011541664, 0.0003025633, 0.0006365687, 0.0024282723, 0.0068791998, 0.0144732771, 0.0226143572, 0.0262415835, 0.0226143572, 0.0144732771, 0.0068791998, 0.0024282723, 0.0006365687, 0.0009946325, 0.0037941523, 0.0107486840, 0.0226143572, 0.0353347172, 0.0410022237, 0.0353347172, 0.0226143572, 0.0107486840, 0.0037941523, 0.0009946325, 0.0011541664, 0.0044027148, 0.0124727175, 0.0262415835, 0.0410022237, 0.0475787690, 0.0410022237, 0.0262415835, 0.0124727175, 0.0044027148, 0.0011541664, 0.0009946325, 0.0037941523, 0.0107486840, 0.0226143572, 0.0353347172, 0.0410022237, 0.0353347172, 0.0226143572, 0.0107486840, 0.0037941523, 0.0009946325, 0.0006365687, 0.0024282723, 0.0068791998, 0.0144732771, 0.0226143572, 0.0262415835, 0.0226143572, 0.0144732771, 0.0068791998, 0.0024282723, 0.0006365687, 0.0003025633, 0.0011541664, 0.0032697080, 0.0068791998, 0.0107486840, 0.0124727175, 0.0107486840, 0.0068791998, 0.0032697080, 0.0011541664, 0.0003025633, 0.0001068011, 0.0004074064, 0.0011541664, 0.0024282723, 0.0037941523, 0.0044027148, 0.0037941523, 0.0024282723, 0.0011541664, 0.0004074064, 0.0001068011, 0.0000279978, 0.0001068011, 0.0003025633, 0.0006365687, 0.0009946325, 0.0011541664, 0.0009946325, 0.0006365687, 0.0003025633, 0.0001068011, 0.0000279978);


float sampleRef(vec2 base, int di, int dj) {
    vec2 offset = vec2(float(dj), float(di)) * RAISR_PRE_pt;
    return RAISR_PRE_tex(base + offset).x;
}

vec4 hook() {

    vec2 pos = RAISR_PRE_pos;
    ivec2 ipos = ivec2(RAISR_PRE_pos * RAISR_PRE_size);

    // Compute gradient tensor (GTWG) in HR space
    // Standard RAISR uses an 11x11 patch from the upscaled image
    vec3 abd = vec3(0.0);
    for (int i = 0; i < PATCH_SIZE; i++) {
        for (int j = 0; j < PATCH_SIZE; j++) {
            int di = i - RADIUS;
            int dj = j - RADIUS;

            // Calculate gradients using central differences on the virtual HR grid
            float left  = sampleRef(pos, di, dj - 1);
            float right = sampleRef(pos, di, dj + 1);
            float up    = sampleRef(pos, di - 1, dj);
            float down  = sampleRef(pos, di + 1, dj);
            float gx = (right - left) * 0.5;
            float gy = (down - up) * 0.5;
            float w = gaussian[i * PATCH_SIZE + j];
            abd += vec3(gx * gx, gx * gy, gy * gy) * w;
        }
    }

    // Eigenvalue decomposition
    float a = abd.x, b = abd.y, d = abd.z;
    float T = a + d;
    float D = a * d - b * b;
    float delta = sqrt(max(T * T / 4.0 - D, 0.0));
    float L1 = T / 2.0 + delta;
    float L2 = T / 2.0 - delta;
    float sqrtL1 = sqrt(L1);
    float sqrtL2 = sqrt(L2);

    // Angle quantization
    float theta = mix(mod(atan(L1 - a, b) + PI, PI), 0.0, abs(b) < EPS);
    float angle = floor(theta * float(QUANT_ANGLE) / PI);
    angle = clamp(angle, 0.0, float(QUANT_ANGLE - 1));

    // Strength quantization
    float lambda = sqrtL1;
    float strength = mix(mix(0.0, 1.0, lambda >= 0.01746), 2.0, lambda >= 0.067435);

    // Coherence quantization
    float mu = mix((sqrtL1 - sqrtL2) / (sqrtL1 + sqrtL2), 0.0, sqrtL1 + sqrtL2 < EPS);
    float coherence = mix(mix(0.0, 1.0, mu >= 0.103713), 2.0, mu >= 0.210206);

    // Compute hash key
    float hashKey = angle * float(QUANT_STR * QUANT_COH) + strength * float(QUANT_COH) + coherence;

    // Compute pixelType based on position in HR image
    int pixelType = 0;
    #if PIXEL_TYPES == 4
        pixelType = (ipos.y % 2) * 2 + (ipos.x % 2);
    #elif PIXEL_TYPES > 1
        // Fallback or future support for other patterns
        pixelType = (ipos.y % 2) * 2 + (ipos.x % 2); 
    #endif

    // LUT row index
    float lut_row = (hashKey * float(PIXEL_TYPES) + float(pixelType) + 0.5) / float(LUT_HEIGHT);

    // Apply filter
    float result = 0.0;
    for (int i = 0; i < PATCH_SIZE; i++) {
        for (int j = 0; j < PATCH_SIZE; j++) {
            int di = i - RADIUS;
            int dj = j - RADIUS;
            float pixel = sampleRef(pos, di, dj);
            int coef_idx = i * PATCH_SIZE + j;
            int lut_x = coef_idx / 4;
            int lut_c = coef_idx % 4;
            float lut_u = (float(lut_x) + 0.5) / float(LUT_WIDTH);
            vec4 w = texture(RAISR_LUT_2, vec2(lut_u, lut_row));
            float coef;
            if (lut_c == 0) coef = w.x;
            else if (lut_c == 1) coef = w.y;
            else if (lut_c == 2) coef = w.z;
            else coef = w.w;
            result += pixel * coef;
        }
    }

    result = clamp(result, 0.0, 1.0);
    return vec4(result, 0.0, 0.0, 0.0);

}

//!TEXTURE RAISR_LUT_1
//!SIZE 31 216
//!FORMAT rgba16f
//!FILTER NEAREST
0eafbbbb8d1319bba67e60bb746d1fbb7caed0ba75b919babdb2e2ba469819bbb02041bbf9070fbb6d3db6bb904435bbcddcf8385fb7e6390f3c113b2619a53ba23dda3b7ef4a13b970d463be571aa3a1147303a9ea407bb39a5c8bad6930e3b5f85973b463e013cf6a3353c3aa0853c1d6f4f3c1367043c8ff8ba3b4e204f3b0b1747b6f80d383afc38ab3bb294043c8ca44b3caaeb943c7abaaa3c1301923cc8cc633c369a293cdfa3ce3bb92f233bc13e853b5ed4103c5d06603c10699d3cf27fd13ce173073d182de33c1138ac3c3aa07d3c4c15303c1e46d33b849f2a3c2d91703ccce1c33ce521cb3cd5651c3d149b5b3d6aae1c3d8487cb3c0d05c43ca22d703cf441283c3f6ed93b78392f3c3e307d3c5f08ac3cef63e23cc570073df0b7d13c60369e3cddbc603c8768103cf6a5813bc290283b5fc7d03b17b6283ce349613c850d923cdfe4a93cd37f943c37594e3c2bc1033c0e06aa3b64fc043a5d6bec38424d523b2b96bb3bff9c043c7a444e3cee97853c2de2353ce26e003cb0ad963b4b560b3b1d20d6bacafdffba27e8333a4400a53ae835453bada8a03baeead93b8f9ba33b3dca123bbc1fe4398615ff385e8b40bb0133adbb9f5d03bb60d73abbc9c011bb4a62ddba120cfeb96733cabae8091fbb10275cbb7fad1dbb5f44bcbb000000000000000000000000
cac78fbbfc4cb4ba3d921abb0db53fbbcf7307bb0786acbae7bb4cbb5a1b2dbb1f8415bb6d5704bb83258bbbcbcb6fbbc846fdba3f68efbaa55ef5ba165c083a3f68ef3ac5a790394e6eadbaebe428bb0edaedba9ba68fbb282fbebb7618c739caa6c13ad699bd3bce5b163cd632733c96562e3c17bed53b6df0393bbcb8f4b8290e70bbb0a2a1bb60d6383adcd3843bb7a3293c4e1c8c3cba56a73c82c6853ca2cc453cf17ee63b2cab533bd5afd737b3559f3bf9a2133c5a286a3c2b4a9e3cbc15ca3c2b57023db8a5d93c5650be3c5dae9b3cae7b753cdf67643c50c5ed3cd3fdf13c9f22253ddb131b3d6401453d5ef1793ddc9a453db7bb1a3da83f253d1024f13c5c95eb3c9816693c0be1733c37e29b3c6b1abe3ce559d83cc1bb023d4fceca3cc8e79e3cc33a683cb847133c37059a3b6b047d392a3e523b348de43bb673473cbd5c853c444da63c8c428b3cd9872a3c5590833bc46cfa392093a9bb7c475abbe61763b976a43f3b5246d93b246d2c3c3b25723c1124183c7f70b63b7618c73a3dfbed39dc9ac5bb1d5d90bbb204efba179927bbb30fa3ba509e8f3936b4e93ad1e0083a290ef0ba266f03bb1b68f6ba241c7cbb077b78bb471cf5ba78780bbbf1b725bb14fc43bbd6dfb9ba878b06bb388835bbafc118bb12a7b3ba8c9394bb000000000000000000000000
d3c79dbb38bfceba977686bb26646fbbbe79aabb8eccd3bac96154bb4cd644bba36d9e3ac8f814bbaa2184ba75b6943a70200b3ac3bc5c397d3fb23a5ec5ab3a42ebe13abd26d3baf29b75ba799007bb1237913a27b7c6bb87be9cbb2cc8b6ba7c17233bd517bc39e57c4e3be7beff3b99c6243b3b30823b167ac3bad56a133adc019ebbc85266bc4ea1c9bbba77a8bb234d863bb7edd33bda60053c922f9a3beab806bbd85da7b93ace3cbb6b78dabbda28acbab112e03b8342353c71cafa3b2480493c0d16d73c834a9a3c11888b3c1a62a33c2d31763c8c9f983c32b4883df84b563d26f18f3d75e3973d14b7a33d8183ad3d73b3a33d7480983d3be58f3d0c6a553dfff4873d6fd5983c6aac793cdd3ea33cbe458b3ca5da973c56abd53ca442563c4434063ca3bc3b3c5438d43b36f4c9bacc3bc7bb69415dbb2707e5b9dc371abb804fa13b01d9f83b954abd3bd86b943b0fe3b8bb1d11cebb2f9e6fbce84b8dbb66fbf13948a280bad00a863b6233263baf3e043c73e8563b928d253a393a353bf023c8baddda8fbb93ddc3bbeffb383adba312bbd4efacba0b6a0abbfb9ff93a38bf4e3a94309b3acd8e1eb9a4ef7e39736df0b7d2d1d0b98740fdba4e35d13a9c2531bb99823bbb45b6e6ba4317abbb923a4ebbf52984bbf369b3babff490bb000000000000000000000000
1776bbba56221eb9136d1fba376fd9ba12ea22bb4f1c72bad5e09fbb89a278bb6fd2593a2a54053bae7b99b97d27aeb9cbee173a06d594b943011ebbfd42033a4840fb3b5ac820bb34b69bbb1b3c21bbde12bb3958a8bdb912aa0fbb60b18c3aecaa453ae89e863af083e63be15ff03c9f900d3cc4df02bb761e5fbbd18076ba985743ba479788bb578214bbca7161bb03954ebbb0446f3bc6f9993c30e3c03a893fdfb9b0fe95ba19fcdaba63f798bbfe3ef7bbce3424bb73d5afba6bcc603a512e033d8209b63db183153dc112ee3bcf97bd3bba5094b9d0ec04bccbee1739e9f58d3ccff20d3d0c24003d04e5f13d51777b3e5efff13deca8ff3c9acd0d3d58698d3c785e2537f71904bc3b353fb9fda8bf3b11c0ed3b3975153dff27b63d6230033d31e6633af3b6b7ba69e327bb22fefabbe70e95bbebead8ba66fd91ba238bc9b9806dba3a17a7993c4f1c723bd52356bbd6e665bba5ac17bb5a888dbb7d272ebac5e86bbaf3b95abb7d8401bb40eb0c3cf9ddf03c0921e73b35a6833add4f2b3a44c18a3a13cd15bb0ee186b9de12bb3935091dbb39df9abb763b1fbb0fddfa3bec670f3a985420bb785ea5b938ec0f3a60b4afb945849ab92102073b53226b3a0c6773bbab75a0bb049871ba9c7d1fbb06dbdaba240b23bab9934ab995d4c6ba000000000000000000000000
fbcdfaba64e711b9bc5c71ba0d7dc8badc98daba0850003aad3f5dbb9f3322bbccf55d3a65770a3baecc8eb8be6a83392040b63adc93d2b930dce9ba66fbb13a1489ce3beec808bbacf499bb053a1fbb8006513a7168dcb9a7013cbb2679cf3af69ef13a7065153b60e10e3c7580de3cdf34243ca6780cba37ae05bb9e31e1ba4d8a1bbb90e0f0bb2f58c2bbd09efebbf0860fbc972ca4bb86c04a3bc9bf00bc8006d1bb582ee9bbe84fc2bb5f940abc91ae55bcfac8f2bb5c58eabbb0610fbbd92abf3c5e20893d86ab043d8404053c46798d3bf8b613ba957325bc839b513c3d40ff3c8092673d561c8a3ddb4a183ec1fd7e3e4b50183e95328a3da178673d6692fe3c62744e3cf9c023bc33fe1bbae6798e3b8be7043c7daa043da419893d793dbf3cf06211bb7172ecbb2e04f5bbdf7557bcdf6d08bcef56c0bb5f35e7bb561fd1bb672b01bcf1f0483b9125a6bbcf1710bceb2e00bc2ae6c4bbf4c1f4bb2aa511bbccf5ddba10a402bbce09feb9e617243c4d40de3cc9580e3cbddf123b5da5ee3a8d7fcc3ab37f3fbb705eccb947ce603a8a611cbb6d8898bb8c7c05bbcd80ce3bc5b2b43a4cf8e1baeb31c7b998eeb73a4bf09239e0ba8c382576083bf594613ae9181fbba9155cbb299b013aa67bd3bab2f4ceba49dd78baf16c21b959f906bb000000000000000000000000
744587bb9e114bbacc4c86ba53dc80baf39cafb9e3f08d3aa45aafbad62f6bbadda7293aa24daa3ae83941ba951d233b1d4bdc3aea681b3ada1a4cb9a2fcfa3a6f1aba3bc6b223b90ad221bbcdaa09bb6cde0bbaf0a03cbbec35b4bbf6fa323a2c992b3bc8c1873b2c0a203cb60ea73cec452f3c881c453b98993d3ae41f37badc673dbb91423dbca5ea02bc3f642cbcd70f26bca29e28bc5934e7bbecc556bcc8c03fbcc65241bc322313bc552879bceb15bebc1b7e43bcad3040bc59548ebb4210383cd1a2113d6892b13cf847243c54ebb33b548b823a1842e4bb5ee7313d6df0613df1d1b33dd780d83dd9621f3e015a553efc6d1f3eb499d83d86b7b33d7dd5613dc062313d88bce2bb1931833a890bb33b21d7223cd29bb03c2c3a113d6614383cee1390bb61ba41bc663545bcc069bfbcda8a78bc99d812bc137841bc81d53fbc29ec57bc5ae3e8bb085428bc945e26bceeb32dbcb27b03bc281f3fbcb33938bb643724baa689583a58e5473be2d12e3c69e9a63c510e203c2aec883b9a372d3b21873b3a5cb0b2bb65a639bba55afeb9cc4c06bb02bc24bbd4a23eb9e959b73b1bbefe3a7b5b53b936ef143a4052d23aec75203b06d6fdb9f44bb13a34c03a3a80755dba3d16a4bae75b963adb49a6b905f883ba1b3e88ba295d4cbae1e388bb000000000000000000000000
637566b94b4f71bab92500bbf50912bb1cec38bbfa6874ba17c067bb73e41eba2fe6dc3a0abec43a1c68d5babaf12fba31d4bb3aeb3d1a3bfe99723b849b233b8fa2733bffa139bb254141394bc6e039096e313b0ba45c3ae76e50bb1066b23a9b579d3a3786e73b58049b3bc8bd0b3dd5f80f3cd6620b3b395020bb613247ba0ba4dc39e5bc08bb2f6f6d3b99b4c03b99901a3b0c1e82bc4caa01bd0aca00bd19107b3b11dd213c4298b43a2a0397bae2f585bb789900bb9107423b486967bce15748bcfa77d83da93a2bbc72abb6bc40aad5ba33addfbb18d5a2bbd88184bbd000013c0476a23cb6995cbdffc71d3e77cd303f01d01d3e71915cbd00faa13c0426013c7d2786bbc1aba2bb5b20debb5b2dd2baf95eb6bc8cf02bbc5d74d83d8c6c48bca20e68bc86de423bb0c303bb81a386bb867c8ebaa06eb33a375d223cd18b7a3ba3bd00bd91d101bd626682bc744e1a3b71abbd3beb1b6b3b666b0cbb94c1d03956163cba9e1e20bb5f730b3bf4800f3ce2df0b3d78ca9a3b3b02e83b4914993ae8f2b33a734653bb4f806f3a9ae02d3b2b3eef3976273e39970c37bbd626743b26c5243b9dfc703b5b35193b9538c03aa1cb3aba3b1cd0ba89a5c53a5328dd3a0b4f1cba716568bba65179ba12c339bb03640fbbb4f401bb838668ba166ba7b9000000000000000000000000
a30379b92e7099ba8799dcba306612bbb4c442bb721aaeb9182186bb1552a5b6b1d8d03acad0b03ad805bfbabf748a39f3d6863aa1742b3bbdd4403b5a6ef63adb59a33b09ac64bb4e8c85ba05b7ef397366563b5cc11339d62c57bb1cd6e73ae3c8903a8020e83b2ae3963ba2910e3d036f253cdaf1303b68bd03bb88bff0b9996db03ac020e9ba28f86b3b3752c73be6b4023b86b795bc3c7eebbcea5a0abd5d77793b8d751e3ccb83843af78161ba4f9f8fbb6e1b32bb2daabb3a3b2586bc4a0673bcddf0c33d6a5a36bc294dd4bc5a3558bbecc504bc2ed0cfbb217e30bbc551133cd6e9b13ccab130bd3315353eeff5293f1d22353e0fba30bd80feb13ca5d1123c074d32bb569ecebb549404bcbaf255bb080bd4bc587736bc95d8c33d376173bc9ead86bc895fba3ab09f32bb70e18fbb6c5554baf0d78a3a378a1e3caa147b3b59490abd07f4ebbc731296bc95f4fe3a8062c63bc020693b19d7ebba33a8b33af183e9b9314901bb05442f3b52ce263c87ad0e3d2d67963bccb4e63bcc968e3a02a5e93a5a3558bb70f41939aad1553bc332ef39be6180ba7a8a62bb8128a43bca43f13ad3fd3f3ba1742b3b80ef853ab6367f39b0b2bcbacdcfac3ad21ad13aaa4184b5561884bb0e1b8fb9fb5042bbfafa12bb0192dfba8b2598bad9b892b9000000000000000000000000
03dd0cbbbe239eba43def1ba21baedbaa77901bb44b4ae3a4f6a71bbea62bbb962c0123b0584c63a5abd99bab026383b9d021e3be538033bc135363827aed23a55c8013c089a80bb7ad891bbbc170eba63c61a3bae4a73395cccadbbf15ca83a68edce3a9f76083bcf07bb3b92a50e3d50093d3ca823bf3a1775113aef539c3a1178203b53baa0ba85884c3be080793b48d55abb1e8e94bc56318fbcce15ecbc486e9ebb7c188f3ba8203bbab1c887bbf231c7bbdd388ebb4f688bbb6da98fbc1d9b12bc2caf8d3d5634133be50496bccbe874bb858415bc1774f3bb40990a3b48d55a3c6f9f153da80ab13ced7f4e3ebe98f73ef3874e3eafd0b03c9c4c153de8545a3ce9c1093be2bdf2bb462515bcb2cd71bbe7e795bcd632113b899c8d3da8e512bce20e90bc36508cbb740f8ebb7c7cc7bbab0288bb138430bac763903b9abf9cbb860decbc37a38fbc73d294bc97a65ebb1e3d773be4654a3bf056a0babe231e3b1981a13a9d05223a1593c43a49433d3c499d0e3d2a62ba3bbb11063b0587ca3ad741a53a2716adbbee7a5b39f75c1d3b166901bacd2990bb54f97fbb2de1013ccc53d33a952ff0371aef033b674c1d3bd147383b1984a5ba67e7c63a2887133b1384b0b90d2871bb33a2ac3a5c2e00bb6b02ebba43def1ba21879eba97700bbb000000000000000000000000
9de5c7bbe5a804bbdef160bb674b26bb6b71a3ba4c7d6eb97df5b8ba92280fbb65f32fbb2cf4e2bad63db7bbb51220bb4059b2b83f3c443a03da193bd75aa53bfbd8e03b2f77a83b94324a3bf057dc3a655f853a7cd8caba6c8e11bb66101e3b5325853b3f87003c6e7a323c535a863c1c41533c42290c3c62dcbf3b639c653bc73d9338e2f9433a30689b3b1957053ca992473c0c58963cc6bca93c1c60943c5b7f653c53522c3cbe3cda3bc0c04b3b9450643b8b08103c067a523c2c429e3cc947ce3c5703073d9f00e33c869fb03ca867783c71de363c0048c73b60861c3c4a806d3cbabdba3c4b1ec53ca4201b3d4d305a3da1741b3d61e5c53cdc31bb3ccdc66d3c7b701b3c4797cb3b1fb6373c4cb8763c1aebaf3c042be23c16e0063d865cce3c6b9d9e3cec22523ce9dd0e3cf0575c3b6226553b62fad93bea622c3c7866653ca5c6933ce56ba93c173d963cc2e9473c048d053c3f3b983bce890d3a2ff20a39f3606b3bde98be3bafa50c3ce892523ce7a5853cacd8313c3699ff3b3938873b86b6173b94f615bb9e11c3badafb843af057dc3a8a18493b602ba73b8e5ce03ba3aca43b7f6a1d3b0b7f363ad7a43ab816b625bb4c32adbb8207d7ba16b625bb5fa609bb3697a7bac80c46b96f97a0ba49fd22bb5a8264bbd30701bb5a64cabb000000000000000000000000
620889bbbc7f93bac64c36bbcf141bbb75b735bbaef7f4bad0c73cbb65b52cbb31c04bbb2d0ffbba9a25b8bb19a97fbb1f9bb2ba03bd1dbb6b2dc6baf8613a3a8103303b7d43763acea4acb9babd08bb428e8aba172997bb7e47a3bbcb02c5b9d45ff93a8fb99a3b8ebf183cdee9683cd64e3f3cdb1ef33b2cfb533b69c7023b8d5e13bb31de9dbb3c59a43a38996a3b349d293c06278e3c98cda63c386e943cb68a613c7e1e153cbcfabd3b9e6f053bf1da373b07c3093c4ed3583c40ef983c8b3dcb3c72af013d1360e93c958fc33c91aaa83c4ea5833c9dbd743c6d91c13c250ad83c9bd3123d0cca103d0b613b3d3cee733d08b53b3d2c76113d965f133d8511d93cb5d7bf3c5b337a3c1047843cd105a93c3588c23c7c4fe93cb029013d4b17cc3c0f3b9a3c1db8563c93bc073c6fa0213b5f3d133bd028c23bd049133c71a55f3c5d75933c1032a63c065c8f3c57aa263c577a6c3bfb03a23a5d34a8bb00d802bb516d033b85aa553b826ff13bedae3c3c9f8e683c152f153c0a44a03baaa2eb3a127ec4b91520acbb2e2291bb61d091ba72e103bb206ca6b9fc69653aed852e3b9a6c183a1240cfbaf5dd24bbc5ebb0baab7d8abbafc3aabb3382d6ba0a963cbbc9ee1dbb134f38bbb872fbbac87e2fbbfaa21cbb5f8f2fbb90f191ba264087bb000000000000000000000000
c3ad5fbb4fb29fbae832adbbfea038bbf15369bbcc3a24bad9d061bb776ea6ba9c60bababb37b2b95043bebb6b86503afa98fd3ab7818f39e7a95b3825584bba7010ceba52e10bb9581ee53aa4cc7fbba74890ba93809fbbcced7fbb54f9e03ade3d1639de3d16b9d7df3d3b6b12fb3b640baf3bf2b3ee3a853d383bf98028bb726bdfbb455674bc7ae89bbb793819bbf83d6c3943f1fa3b3f4d443c784a053c0ce41f3b3d6cf1b9726bdfba5d212cbb9762e7bb990a9d3bf322d03bdbf2553ca0a9963cc2bbc93c3aeaf73cf697d13caa1de03c8101d43cd2d4f23c11a2463d509b3f3d9c46813d8fbd6a3d988c8f3dbe86a73d10ec8d3db1a66b3d02fc803db6f83d3da875443d9fa8ed3c523dd83c4e13e03ca1dccd3c191cf63c25acca3cd3de913c92ea553c5e17c43beb61993b3992f6bb680902bb42d4b1babb37b238cc3a243b154bf13b03194a3c5c95013c098e82b8a5a54ebb147ea5bba7f582bc2da7c7bb67a408bb264e633b0d70ca3a168ead3b128d013c999b3b3bd5154bb8426fb838596b093bcced7fbbfe55afbba9a3a1ba56a68abbe87db63a5b4d51ba9ebbcbbaf83decb9429175392cb6a3b8ae59c43acced7f3945e9adbbc312d939cdcb42ba09b0bfba55634ebbebaca2b969b769bbadf93ebb7979babb6cc98cbac32135bb000000000000000000000000
fdd1e1baa3f637398d5899ba4befbaba420a42bb7be535bae395bfbbd34341bbce490439e833c33aa4179d3852b3ceb70f409a3adea02db9060413bb0604133aef4ee53bb8ebe4ba0e84a0bba35b23bbd88f613a8742a2b96fd501bbae5d7a3a5b939c398300d839663ee53b8db2ed3c5b3c0e3ce00519bb35433fbb9521d8ba769915ba56a860bb464c0cbbf88541bbd9f44cbb48e6823bfdf09e3ce4f1f83ae1c19239cc289f3844deeeba581277bbbe8807bcc66e61bb02c7f3bab7e10ebacfff013d7d6db83da3f81c3da976023c45bceb3bedd6713adccc00bcdc7fc8b9dc5d823cadef093d92bfef3cdf5cef3d0e887a3eb457ef3d83fbef3c99af093dd6e1813c615205ba7ac9fbbb620a783ade40ed3b4a24033c494a1d3dde69b83d9d18023d532617ba10a1feba8b8065bbfc360abca52173bbf88aecba5092e93884c583392ba7f73aff2e9f3cec40823bc8a24ebbd7e144bbc1d90fbb842668bbf833deb9b5c5d4ba38ce3abb8d5819bb95dd0e3c5311ed3cd7d3e73b8c3cdf393b4183390f4a703aa67c08bbe1c192b9edd6713a725220bb675a9fbbfb02e0baa070e73b973d123a420517bb2dc331b921619a3ab66ec6b8e1c19238dc7fc83a70884939819641bb899dbdbbbefc30ba7a6d42bb4befbabac5bb99ba696d27397a72edba000000000000000000000000
66ed05bbc0459db9bc882cba52b981ba690c9ebaca8ca538c6d587bb50c11cbbfdcd683a97a1e33a8d9ea7b8ac51da394393a23a12a045b9c023b7baf9a9033ab14cc43bac2ff4ba876b97bb25ad16bbca2673b90b7388ba305f1ebb6582063b70340e3b4046fe3a2c020d3ca000d63cef5c283c9dc486ba3b1126bb26fbfcba18a102bb3197c4bb66dc92bb1d1ff4bb9e0200bce20675bb8c82943b62b1d4bbf69ad8bba41ecabb8f36adbb8935f0bb4d516ebc0ef323bcb1a227bc6cedbcbbd875af3cb628903db78c1e3de96c5e3c517c2c3cd8bf6c3bec53d0bb09adf63bda79d83c347a503ddab17e3d43f1143eceb77e3ea50b153e219c7e3d3a3f503d1427d83c4057f13b0131cdbbd3136f3bfbad2c3ca9475e3c52451e3d8b50903d3863af3cc150bdbbcaed28bc8b6725bc865f71bcf98ceabb0291acbb4536c8bbb1fdd7bb60dbd5bb8eed933b376a75bbf77201bc376af5bbd48a94bbab35c7bba683f6ba6d41f6ba03cf25bbe90c7fba290a283ccd23d63c2c020d3c8f3c003bb439093bc4a8013b60b422bb160877bae93f58b96a1d11bb423996bbe647f3baa11bc53b41df093a9f56b9ba32db10b979ffa33aac51da39e9613eb8ae16e63a3053783a56d819bb0fb486bb45692139d20ea2ba9c2b7bba4af338bab7dcaeb9ab4c0dbb000000000000000000000000
68a5b0bbd68ea0baffe390baf3c71fba380903ba550d773a00c9fdba160160ba4da6b139d775043b6110ccb9ccd8573b080c223b8fe6b83a9cb55e3a0c80223b7a8faa3b9c4fb6b728c541bb137443bbf0f87bba133b9fbb2f1486bb4da6b13ad941d53a314e863bc020223c5583a83cd6b1303cab38d43a269e4dbad60de5ba090692bb94add5bb5ad68abb2b32d6bba2a102bc35e516bc8acbe4bbf9ea70bc8aae64bcc41367bc9e862ebc487e61bc3684e3bcb840a3bc0c8eb4bca22047bc5ac6063c2cf2283d1d21113d0bacca3c2670b33cd5f0643c4bd2d93bebd2a23cd100283d3d2e973d2343cc3d68cf233e690e613e28c8233eec3ccc3da01c973daac2273d706aa13c9cb5de3bdcbb653cf2c0b33c57eeca3c6e0d113d3dd7283db271043c6c3f49bca54cb5bcf3baa3bc56ffe4bcd04f60bce1e02dbc2a3866bc451a65bc758d72bc809ce7bb23ce18bc1f6104bc8f2cd9bb1d2a8cbba6b7d7bbf3948bbb2d6cd6baa9b833babaeedd3a29bf313cc272a83c801d233c2dda853b0cccd23a5227ae3a91d488bb5adc9abb4c0b7eba31ad42bb9a353ebb4c739db7e77eaa3b2ab9213b8f4c613afbc8bc3a15751f3b9cb55e3b113433b9d2f4073b8f4ce13916ce4bba8316f8ba941b853adf28fab9d68e20ba954e99bacb3f9bba3bbcb7bb000000000000000000000000
3709c9b906659aba2c842dbb0e7de2ba9a1917bbbc2e8cba69ef45bb03f846ba6176ce3a7e5aac3a2917dabaea84c8b82a5d343a110d233b3d3a603bf911fc3a9a19973bf1da52bb615361b99a1b1d3a48014a3b65c4c0392c6346bbfb5be23a3fa5ad3a306fea3be34fa53bc17f073d671e193c2e23fe3a530c08bb8c292ebaff86e739c05b17bbadf8483b58d5da3b97f0173be60274bc8c9fffbc67c502bd32d8313b880f1e3c7f3bcb3abb8376ba232994bb25ecd4ba05fe583b5f2c68bc38e75ebcd4e8d83d7127f2bb85b8afbc11ea35b9fc3bfebb8287b7bb1b256bbb6955043c8a239c3c387760bd40861c3e158c303faf931c3e307660bda18c9b3c4651043cb42d6cbbd55db6bb1b02febb277809b976d5afbc4269f1bbd8d9d83d8bd25ebcf5f668bc8f0e593b4f59dabaef1895bb6eff75ba7497ce3addfa1d3c1413353baccd02bd5dd7ffbcee7e74bc155b153b8f0ed93baacd433bbb0919bbd6c8033ad65f3cba71d104bb38c7fa3a088e193cdda1073d8b26a53bf934e93bbd0fab3ae3e8e33a14f047bbeeafcd3943af4b3b00131c3a1b6b45b92d6752bb1109973bba5cfd3ad519623b3da1213beba7353ac5ab0fb9f957d6ba44f7ab3aa02bcd3a34de43ba161947bb7fa086ba133216bbf609e4baa2732dbbdf229abad6c803ba000000000000000000000000
d4347db9f309f8ba5e3dc8bafe972cbb43af27bbad23fbb9e5867bbb63aa4dbaf876fd3a3a68b23adbfe82ba81d6f13862b5a03a01c9453beb9c573b82f7053b6104953b8f6441bb5b7919ba0a103b3981435c3b755e6338edaf7abb6d53da3a3406803ab7f5d03ba31f9d3b65600b3ddee0273c910d183bf92aa7ba58db95b9fe71813a854ecaba4cf37e3b3c2ce13ba2bd853ba62a8bbc9178eebc8e1e0cbd97fa2a3b8f7e0f3cb344aa3ac41e6bbacc8a81bb313f33bb2b52a03a03808dbccb5fa4bc66b6c53d85926bbb77f9c8bc76e943bb2175f7bbcf92d1bb920245bb3c20043c59dda93c3d3e3abd1492323e009f2a3f9299323ef0343abd325da93cb1d1033ca6f246bb370ed0bba08df6bb51a743bba8e0c8bce0376cbb50a4c53dcd7ea4bc18df8dbce1cd9f3a575035bb48f681bb755e63ba8e02aa3a9876103cd9552c3b0cf00bbd2005efbc437b8bbccf28853be333df3bb8ea7d3b3e68cdba7f59823a9d238fb98a95a4ba1ced193b0323283c33980b3d99279c3bf205d03b1e887f3a8ff7d63ae5867bbb91a0ad3866f95c3b22005839ca3f1aba1d003dbb6680953b2483033b3d4a573ba423453b4ec59e3a283cdf38f9457fbaa590af3a524dfc3a39fb47ba2c3c7abb4911dab9025426bb11b92cbb3c99cbba1a1bfaba12f598b9000000000000000000000000
b8ef7ebb0ed6fdbab9ea12bbda262abb1d93f2bae259c03a54ad98bb4c7a82390a6d393b56b0e33abf298fbaa964763bc7751b3b381b633b85b5d53af63c3b3b3aaa0a3c6ba396bb0a4592bb57165dba7492e73a85b5d5baca1cb2bbddd7053ab4459d3a61aa803ad7cc963be4100f3de1293d3cb677093bd500a43ac6a9a83a7436333b21f7ca389071a03b48a0f83b5b14bc3a5e9676bc2bb79fbcdc2805bdcadedfbb458d753b4a4816bbb72dd1baae6c9abb285e6ebbf5f5aabb2f84d8bc2685cfbc578a973d460b833cd7377cbcebfc94ba655ad5bb8de86bbbe2bfb9bbe8ef043c1971da3c7c03d03a1253533e7570093f2b5d533e5309cd3afbdbd93c33be043cce8fbbbb0a2f67bb0083d4bb056c8fba95817bbc14ae823cab76973dedb8cfbcbfb1d8bc3c38abbbceeb6fbb4ca89cbb4418cbbaa5ba14bbb955783bb761debb141205bd252ba0bca4d876bc6a6bb73ac8f9f63bbdaa9f3b2e4136381538353b8440ab3a02d4a93a38e40a3b733a3d3c6d200f3dff79963b1a68803ab884993a7e8c043a4ac3b3bbfd09d8ba421aec3aaaa248ba667d90bb2cb395bbcbd70a3c963e3d3bf830d53a48bf613bc7751b3b5abd733bae6c9aba88c2e53af263383bf51494391e0f97bb2736c73a31c3f0bab7052abbebfc14bbac7800bb27df7ebb000000000000000000000000
fb73c1bbaf9f18bbad6753bb30c31abb066dbbba5b5b8839474397baf691e2ba48d11fbbc05ebdba7f08b3bb488a1bbb73fc0b391ccc303a7be33d3bbf1caf3be74df63b4c7bb93b7e88843ba21d0c3b67ecd33afd6482baccf4febadc11093b9cfd8c3b3e29f33b0bff313c58f1853c2028593cd859153cf208d03b44ba843b0d7fe0390f9b7139d80d9b3b8f55033ccac2413c9724923c1b18ab3c858f933c60566f3cd750313c9ffde93b16ea513b39cb533b902f063ce1ce4f3c4a1a9b3ce937ca3cf3e2063d1eb9e03cedd0ad3c6a01783ca59f313cf10dc63be1c4063c3283603c8d45b23ce0e7bf3cfc95153dc9f3543d93a6153dbfa8c03c4b5ab23cd540603c9b6f043cb886ca3b6a64303cfcf1783c6335ad3c37a3df3c5bee063d31b0ca3c50a79b3ce75b503ca986063c881e463bc59b553b7df6ea3b0e8f313c5d596e3c1513933c1753aa3c0831923c9384413c0682023c0de2983ba5a61e395dc3133aa789853b1a30ce3b5116143c4b4c583c43f2843c7c0b323c6db7f43bbf048c3b4ffa023bf36b08bbc7dd63ba680ddb3af48c0f3bd53d843b358ebb3b1075f43b173fb03b358e3b3bbdfb273a8c519538b0531ebbd5c2a8bb3272aaba817e18bbc52ed4baba2b91ba49f2a6391ea1bdba00c817bb8a8651bb98d817bb4236c5bb000000000000000000000000
4e2c97bb1ceb97babf713dbbcc6059bbef653abbfb3d1fbb693643bb23bd61bb25635bbb806d16bb6f4acdbbf2a756bb34f8f0bad52325bbe23f44ba9f6abe3a1b89583ba750363b9615a73a12825239715315b82a5548bbe7e290bbec1947b6f56ede3a2c27b63bc9ae0e3c1f88773cddd2423cce1b103c92c9b33be2ba583b56f3fa38a3ac5abb077dea3a8e88a63baedd363c5b528d3c7ddea53c074e9b3c63307a3c20d43c3cde34023c8257ca3b97bb203ba280e63b72274f3cadf3993c6dfdca3c0a36033d0153e63cd6f7c73cae79ab3c824a813cc516563c6e3e933c6da3ad3cffadfb3c0ae0fd3c6008293da61f623da9b8293d653aff3ccec4fb3ca9c9ac3ccbfb903c40fd583cc085823c8a95aa3c2070c83c5bf0e43c74d1023d701dca3c2fe29a3ccd49503ce6fbe53b49eb093bef5ad43b6b98023c95bd3e3ccd3f793c99999a3c7054a43c51a58d3c7c9c373c9935a63b0295d43ae2086abbc1eab3399d3f593bd744b33b20f40d3c598c423c0011783ca43a0e3c288db13bc64dde3ab2070db8f1639cbb9ec444bb0cf442b84da8ba388a1a963afd312a3b56fd513b8cb6b83a56fd51ba77b421bb1d4300bb4e7160bbf285b9bb33be0dbb919e4ebb6b8454bb47683cbbbf7b14bbb81031bb851e52bb13da3abbd25c9dbab3fb97bb000000000000000000000000
0df2cdbb443118bb6ccec2bae1d6f5ba07a553bb4caed4baa3e718bba61447bb2e4d3dbbe7f019bb269aa6bb6543333bbdd22d3a628f9bba453efaba744bffba3b6e1bbae137eb3a63f010bbeb7ebdbb9f4e36bb9cd8b3bb2e4896bb450b243b226af4ba54418f3a5b4adc3b980c433cdd53113c8a14a53b98e91a3a59a9beb7e2bbc0b968401fbc820dfbbbfa9c87bb4111cc3b8cf3d73b78dc823ceb764a3c744b7f3cffbe2e3cabd0893b3cd4373c3f0c25bc69dc953a8b7ac13b8a2c463c0657b43c3db9023d3165043d8266fd3cf429073dbd4be83caa16fe3c1e40003d503cf83ce2de443dbb36493dcc4b553de1b3713debdf563d1b5e493d058d443d3b58f93c6625fa3c0ceafe3c0dfae43c9c6f033d4f0c003db2c4013d4ff1003dade5ba3c884a473cff90c73b14de523ab9b52dbc8e16383cd390943ba5a6373c126d773c1bc7433cdd91823c7abbd93b2979d93b9f3695bb80d2f9bb0c8c31bc3b6e9bb8f6641a39aaada93af82bac3bba39033cc9e84c3c95c9ce3b6543333a5594b1badeef073b11d484bb1864bbbbcc812fbb163cb4bb52060ebb3551e33a4dd134ba544ef1baf1b316bb812bb4ba9db23f3ad30cbf3a76029bbb326d09bbe35737bb83c72abbca6c22bb626cbbba2f655ebbd5c0d6ba030cf1baf34f0dbbf1deb1bb000000000000000000000000
5443aeba329d8e38e4cb59bad8f78dbaebd135bb54ca9bbac501b0bba2f169bb1fee083ab843683ac19eccb950ae10baa17f9a3a84830bbaa7771bbb57f4013aeb6afd3b105be3ba3cd892bbda7738bb1177193a8fe587b914fedbbad231473a9d55b43939d5a439b69cc53b5082ea3c28521a3c2eba00bb21fc38bbaee16bbaa7a955baa9be48bb71c6aaba43f048bb6f783abb63369e3b9ef3a93cdd88813ba37f6f3a1dc4773a509972ba7b3682bb79e5f8bb5f9e67bb4c9205bb8bbba1b9aec9003d0784b93dea8d243d9e531f3cfb5b033cd29cfe3ac0a2f6bb6c8ee9baad7a5e3c8286003dabb3db3c0c9be83d0047753ed5c2e83dbb58db3ce091003de80e5d3c3316f6ba7d88f1bb9980013b2358043cfcb2203cea8d243d44aab93d59de003d57e6a6b973290ebb659668bba762fdbb36a47bbbcdf26dbaa69b7a3ab3126a3a3d5f803b47aba93c22aa9e3b99b23bbb69c04ebb67f2b3ba638f50bb7c2f3fbaa27857baebd135bbfb0ffdba38351a3c6400eb3c554ac63ba2948d39826e98393adc3c3a8911e6bacbeb55b9770c1c3adfa836bb410991bb98a4e0ba78f7fd3b148c0c3a83351bbb9d630fba2a579d3a3bea17ba857cc8b9db0c813a8bbb213a6c8e69bb80f9afbb1cd995ba912c35bb395c92baaac560bae9039b38cb72c3ba000000000000000000000000
44da23bba788a5391e3532ba8ec8f7b902c2faba625ca0b9d3c187bb354743bb499cf239625ca03a536d84b8500c883987539f3a97423b39ee10e6ba499cf239a708bb3bd655f9ba65bd9cbbec5d31bbb0ab9ab9cfe0f6ba5e4db1bab416c53ad1e5373b5d43033b17eee23b8938d13c599d253c7fd905bb94334cbb09841dbbec5ddcba5c9590bb547246bb755aabbb3984e5bb28b9f9babf43123cc50a4dbb1c827ebbbc3965bbf93d08bb4c7daebb55bc69bc7fd930bcf72143bc0e9de5bbcadeb23cb062993d146f3b3d23699d3cbb34793cd908d83b0d6a9bbb9799df3ae9c5a03c38212e3d71cb513d1d590c3e0d98793e64610c3ee4ba513d25e32d3d6c7ba03cd44bcb3a76da95bb153bd93b8ae2793c24a59d3cc5a13b3d977d993d72d4b23c3133e8bbf2b643bc7de631bc9a636dbc5449aabbde1c08bbbf9a61bb8a067fbb082d4fbb91e4113cc35201bb7f07e4bb5ec8afbb66c74abb79c093bb0b8ecbba4a9c1cbb17c546bb760307bbbc4b273c394dd13ceb06e33bf994013b00b3353b14b1c03a2abebaba7e2be9ba60fba3b97dcf2dbb85499cbb5011f5ba6000bb3bd655f9394536dfba186e2239eb01a13a1c827e39d2411d387b1ca43a9899093a24fc41bbb02b85bb2d7685b97fdef2bae84900ba275d3ebaca1ea83906752ebb000000000000000000000000
9940d3bb4c799aba7b3981ba9fd0c438d108e8b825f30eba391fdcba0630d3ba5156e2393e46863ad10868ba41101d3b6a603f3b0679ed3a7bc2753a3c05e43abd4ea23b88fe49ba66c351bbfd1e65bba9cbf6ba47e78abb2c7a40bb2698f43a569d393b5a8c813b2566253ca05dae3ca8282f3c61ca18ba455f6cbb862b73bbf395babb4a210bbb43234e39b2731dbb4c99c7bbd61103bcb80200bcb3b377bc234065bc5f672bbcb514c7bb898aa4bb7625b7bc148ab6bc9011d6bc84c7a5bcc38cb93b602e503d90ce5a3d062a343daae7163db631c73c54fc0f3c5dbdc1bb7e0ca93c9e8a573d1e2ead3d8815203e34ef653eb713203e24d8ac3d8831573de313a83cf534c6bb2a3d133c255bc73cc95e173da11e343d6de75a3de6e64f3d4941b83b2d4ea6bcc702d8bc8a61b7bcdc51b8bcf112a0bbe464c4bb32982abce9f762bca9cb76bcc42401bc008a03bc3b82c9bb525226bbb2731d39d0c80dbbd176b3bb465270bb6c0169bb7c9e0cbaa4d12e3cd646ae3c4cc1253cbe93803b2d08393b4652f03a005747bbe89a88bb600af3bab36a5dbb81094dbb4e8c4bbac3fca23b0b7be63ab4cf683a65a7e03ad74f3f3bdb7a253b81323aba315c8c3a846a1c3a6944ceba4b0bcfbae5190cbafde2c6b7846a1c39725180ba180995bacd69dcbb000000000000000000000000
767774ba5c2a8fbad6ba1abb2bb50abb853837bbed7a09ba5a3d5cbb0f6106ba08e2da3a3955c23a9b21a5baab8b673862636a3aa43a3d3bb1b2833b0acf0d3b1b428c3b6e4253bba515f837e35ad23935c12c3ba538a039842068bb48fc983a0d72363a5ed1f13ba7819c3b3079073dc802143cdd070b3b15cc1cbb8f4fb2b9c0a82d3a976ae7baf3dc633b1a39d03b3c103a3b52d67fbcc11004bd905300bde71e063b15cc1c3cf950b63a7b213cba4d008dbbf1f8ecbab4bc4e3bd76c56bc09027bbc0ff7db3d02f6b5bbf054a4bcfeed87ba12ecdfbbb5bab1bba28881bb52e3f53b1e009e3ce4f963bd880d1b3e57b0303f33221b3ead3064bd698e9d3cf8e2f43bdeeb81bb5115b1bb7f36e0bbdd1481baa2a7a4bcc5bbb4bbf8e4db3d8bfd79bc953b57bceb9a4c3b8a98f4baa8008ebba61e34ba2e58b33a8c921d3c5fe5063bde5c00bdf83504bd4e0e80bce706373b3351ce3b8f37633b417dedbaa3633c3a4541a1b93c0e1dbb3dff093b971b143cf0ae073d75c39b3b5ed1f13b920a2a3a7a55943ae8c568bb13e8a539abb02c3b5ec2de39ab8b6738f85253bb2f638c3b587c0d3bcd78833b80a63e3bf1f86c3aae46df377df69fba74b8c23aa8eadb3a445b0dba2a9f58bb6c9d0dba6c9234bbc46108bb01ab1cbb6f4b8fbaae6987ba000000000000000000000000
d8249eb9ac3cfdba2dc4eeba13e555bb326a0fbb752b7bbaa3b36ebbb677b7b9acc5a93a27ecb93a246683ba208caab9c1b19f3ae894443b7b8c5c3bac22613b0a508b3b81312bbba5a987bac37c953a9387353bdb3301b9486e7dbb0990ff3ad8241e3a4352db3ba7d2863b936a0a3d18fc2b3c7261d73a239abbbad922fab8ee87e73ad659a8ba691d883bf3b1e93b1d20903b55ff7ebc085af2bc73000bbd1ec1b43a84400e3c11bd283a218bd8b9d58d60bb22b529bb0b86183b454e92bc5659bfbcf0a0c93df754633b3a68b4bc6a6023bbd714e9bbad15d3bb60ae95bb2ae1003c1f4c9e3cfefe49bd83812d3efe622b3fd18a2d3e880f4abd4ad69d3cff60003c9a1196bb384fd2bb4d04e9bb499920bb0443b4bcbe1a623b7282c93d1cf6bebc70ce92bcf63b193b59c62bbb0b9f62bb1e7dc7b9d48e323ae1a70e3ce10bb63a0cf40abdf976f2bc719c7fbcee618f3bd83de83be35e863b208caaba7e9aed3a99e816b942b1b6baea79d63a60192d3cb88d0a3da9fb853b7ededa3b8275183a0990ff3a1fda7ebb04fcb7b87f66353b538f9b3af32d88ba24de28bb60508c3b74e85f3b2f315b3b5c32463bdc769c3a1b6fb6b9080977baa6a8b53a5aefaa3adf40c0b9950d6cbb4bdb69ba97610ebbeecb54bba663f6bae69ffdba8374c6b9000000000000000000000000
72de00bb4d3b14bbf50227bb3b743ebb9674c7ba77b8c0b8a05e85bbb90510399365403b4e75d93a66d90cbb96994b3a0507df3ab3fc423bb1ea1e3b2f639b3bab59f03b3be34abbd7028dbb77b8c0b9371ecc3ab533ebb9c5257fbb77b8c03a4d78f63ae1ba203bcc69883bfa9f043d3f393d3c3f83453b5549df3a7671553abf70c33a096d14baf31e993bd326033cc1385f3bee9846bc3d4bb8bce4c80bbd09f32bbca6f7ce3aa08f38bba8cf2d3b4014b9baf8112eb8afa6d0ba6a83ecbc5e5821bd9db0913d11af0a3d0280b9bb50f7803b0ceb27bb9d5890bb61203dbc7d551e3b01457d3c9c9572bc359b513e2f25113ff0a8513ea80973bc35827c3c09b71c3b43563dbc41a28fbb594325bb2411823bc8b0b8bbfeac0a3d52a8913d747721bd60d8ecbc8e34d2bafa9f84b8ff54c0ba0c35303b738435bb96e3d33a88382bbcaba50bbde997b8bc19d746bc525f5c3b963a023cb315983b18f01bba6e53c73a665d5a3ae694e03aeb7b463bee4e3e3ce1b9043d1bac883bd90b1f3bcd65f43a8716c43ad89380bb1640deb94e2bd13a57fcb9b92c0a8cbb9e2349bb356bf13b01089b3b8c8e1d3bb7c1413bad15dd3a460d433a81ab10bbb67ad63a7f67423bb9be2439423383bbf8c7a5b72776c0bae3a740bb408028bbb92a14bb860103bb000000000000000000000000
51c0c1bb3f4215bbbb034abb4005fdba13fd2eba4c18783a03a81eb932c99ebab322c1bac6dbb5ba5cb1a6bb6c971ebb3a6f183959cc7d3a31d23b3bc92fbe3ba9ec003c6808ce3b8d04993bdf3c3b3b8c5aff3aa3cd30bac4edefbaba840e3ba0a4943b71a5f13b30a8373cd837853c45cf5c3c193e153c0982e83bf8258b3bdddf5c3ac1775139082e993bdc2d003cad25403cf52f903c5586aa3c41d2943cfb78723c5f52313c4ac4ef3ba985643b8c73313b478a013cd4174d3c724b943c5b69ca3c2b9c033d6db0de3c41bcaa3cdd78793c9e362b3c089db13b78e5ef3b9002493c933ca93cfae4b43c4cc90f3d593b4f3d7121103d12e4b53c0481a93c052f483c526ae93b64c6b83b6cf52b3cd7eb783ca63ea93cfc33de3cf395033d9a34cb3c984f943ca5f64c3c4baa003cec1b2d3baff96b3b71a5f13b2614313ced5e713cd21d943c61fba93c6b5c8f3c8721403cd210003c2935983bfa352eb82540853a6fe2893bc506e93b4d0f143c507c5c3c7110853c7cb0373cb200f23be51f943b4abb0b3b692100bb16951cba2e18ff3ada693e3b3e8f973ba5f6cc3bfb81013c0a3ebc3b8a413f3b70f2733a9e9438394a2a24bbf5409bbba63ab2ba3de5b6ba3c3b8fba3006c5b8491a813af1ba20ba23d1fabaaee948bb010714bb6987c2bb000000000000000000000000
